{
 "cells": [
  {
   "cell_type": "code",
   "execution_count": 1,
   "metadata": {},
   "outputs": [],
   "source": [
    "import torch\n",
    "\n",
    "from matplotlib import pyplot as plt\n",
    "import numpy as np\n",
    "\n",
    "import os\n",
    "os.chdir('./source/')\n",
    "\n",
    "from gaussians import Gaussian\n",
    "from ubvi import UBVI\n",
    "\n",
    "\n",
    "import matplotlib.pyplot as plt\n",
    "\n",
    "%matplotlib inline"
   ]
  },
  {
   "cell_type": "markdown",
   "metadata": {},
   "source": [
    "## Cauchi distribution"
   ]
  },
  {
   "cell_type": "code",
   "execution_count": 2,
   "metadata": {},
   "outputs": [],
   "source": [
    "def logp_cauchy(x):\n",
    "    return -torch.log(1 + (x ** 2).sum(dim=-1))\n",
    "example_log_pdf_1 = lambda x: -torch.log(1 + (x ** 2).sum(dim=-1))"
   ]
  },
  {
   "cell_type": "code",
   "execution_count": 3,
   "metadata": {},
   "outputs": [],
   "source": [
    "test = UBVI(logp_cauchy, Gaussian(1), num_opt_steps=1000, n_samples=100000, n_init=100, init_inflation=100)"
   ]
  },
  {
   "cell_type": "code",
   "execution_count": 10,
   "metadata": {},
   "outputs": [
    {
     "name": "stdout",
     "output_type": "stream",
     "text": [
      "Initializing component 1... \n",
      "          Iteration           |          Best param          |        Best objective        \n",
      "              99              |   tensor([4.5726, 0.0000])   |        tensor(0.6292)        \n",
      "Initialization of component 1 complete, x0 = tensor([4.5726, 0.0000])\n",
      "Optimizing component 1... \n",
      "Optimization of component 1 complete\n",
      "Updating weights...\n",
      "Weight update complete...\n",
      "Component 1:\n",
      "Hellinger Dist Sq: tensor(0.0450)\n",
      "Params:{'mus': tensor([[0.2403]]), 'sigmas': tensor([[5.2057]])}\n",
      "Weights: tensor([1.])\n",
      "Initializing component 2... \n",
      "          Iteration           |          Best param          |        Best objective        \n"
     ]
    },
    {
     "name": "stderr",
     "output_type": "stream",
     "text": [
      "/Users/konstantinsobolev/Desktop/UBVI/source/ubvi.py:103: UserWarning: To copy construct from a tensor, it is recommended to use sourceTensor.clone().detach() or sourceTensor.clone().detach().requires_grad_(True), rather than torch.tensor(sourceTensor).\n",
      "  log_denom = 0.5 * torch.log(1. - torch.exp(torch.tensor(2 * lgh)))\n"
     ]
    },
    {
     "name": "stdout",
     "output_type": "stream",
     "text": [
      "              99              |  tensor([18.1215,  4.5247])  |        tensor(1.2166)        \n",
      "Initialization of component 2 complete, x0 = tensor([18.1215,  4.5247], grad_fn=<CatBackward>)\n",
      "Optimizing component 2... \n",
      "Optimization of component 2 complete\n",
      "Updating weights...\n",
      "tensor([[1.0000, 0.3200],\n",
      "        [0.3200, 1.0000]], grad_fn=<CopySlices>)\n",
      "Weight update complete...\n",
      "Component 2:\n",
      "Hellinger Dist Sq: tensor(0.0422)\n",
      "Params:{'mus': tensor([[ 0.2403],\n",
      "        [13.9369]]), 'sigmas': tensor([[   5.2057],\n",
      "        [1777.0032]])}\n",
      "Weights: tensor([0.8850, 0.2618])\n",
      "Initializing component 3... \n",
      "          Iteration           |          Best param          |        Best objective        \n",
      "              99              | tensor([-11.3211,   1.3214]) |        tensor(2.0317)        \n",
      "Initialization of component 3 complete, x0 = tensor([-11.3211,   1.3214], grad_fn=<CatBackward>)\n",
      "Optimizing component 3... \n",
      "Optimization of component 3 complete\n",
      "Updating weights...\n",
      "tensor([[1.0000, 0.3200, 0.0420],\n",
      "        [0.3200, 1.0000, 0.2836],\n",
      "        [0.0420, 0.2836, 1.0000]], grad_fn=<CopySlices>)\n",
      "Weight update complete...\n",
      "Component 3:\n",
      "Hellinger Dist Sq: tensor(0.0374)\n",
      "Params:{'mus': tensor([[  0.2403],\n",
      "        [ 13.9369],\n",
      "        [-10.5845]]), 'sigmas': tensor([[   5.2057],\n",
      "        [1777.0032],\n",
      "        [   4.0470]])}\n",
      "Weights: tensor([0.8865, 0.2324, 0.0941])\n",
      "Initializing component 4... \n",
      "          Iteration           |          Best param          |        Best objective        \n",
      "              99              |  tensor([12.5005,  1.6132])  |        tensor(2.0861)        \n",
      "Initialization of component 4 complete, x0 = tensor([12.5005,  1.6132], grad_fn=<CatBackward>)\n",
      "Optimizing component 4... \n",
      "Optimization of component 4 complete\n",
      "Updating weights...\n",
      "tensor([[1.0000e+00, 3.2000e-01, 4.2005e-02, 3.0080e-02],\n",
      "        [3.2000e-01, 1.0000e+00, 2.8361e-01, 2.9097e-01],\n",
      "        [4.2005e-02, 2.8361e-01, 1.0000e+00, 9.5002e-08],\n",
      "        [3.0080e-02, 2.9097e-01, 9.5002e-08, 1.0000e+00]],\n",
      "       grad_fn=<CopySlices>)\n",
      "Weight update complete...\n",
      "Component 4:\n",
      "Hellinger Dist Sq: tensor(0.0349)\n",
      "Params:{'mus': tensor([[  0.2403],\n",
      "        [ 13.9369],\n",
      "        [-10.5845],\n",
      "        [ 11.0786]]), 'sigmas': tensor([[   5.2057],\n",
      "        [1777.0032],\n",
      "        [   4.0470],\n",
      "        [   3.2104]])}\n",
      "Weights: tensor([0.8900, 0.2040, 0.1014, 0.0813])\n",
      "Initializing component 5... \n",
      "          Iteration           |          Best param          |        Best objective        \n",
      "              99              | tensor([-18.5503,   3.0923]) |        tensor(2.8039)        \n",
      "Initialization of component 5 complete, x0 = tensor([-18.5503,   3.0923], grad_fn=<CatBackward>)\n",
      "Optimizing component 5... \n",
      "Optimization of component 5 complete\n",
      "Updating weights...\n",
      "tensor([[1.0000e+00, 3.2000e-01, 4.2005e-02, 3.0080e-02, 3.5022e-04],\n",
      "        [3.2000e-01, 1.0000e+00, 2.8361e-01, 2.9097e-01, 3.1486e-01],\n",
      "        [4.2005e-02, 2.8361e-01, 1.0000e+00, 9.5002e-08, 1.2690e-01],\n",
      "        [3.0080e-02, 2.9097e-01, 9.5002e-08, 1.0000e+00, 5.0692e-10],\n",
      "        [3.5022e-04, 3.1486e-01, 1.2690e-01, 5.0692e-10, 1.0000e+00]],\n",
      "       grad_fn=<CopySlices>)\n",
      "Weight update complete...\n",
      "Component 5:\n",
      "Hellinger Dist Sq: tensor(0.0352)\n",
      "Params:{'mus': tensor([[  0.2403],\n",
      "        [ 13.9369],\n",
      "        [-10.5845],\n",
      "        [ 11.0786],\n",
      "        [-20.7337]]), 'sigmas': tensor([[   5.2057],\n",
      "        [1777.0032],\n",
      "        [   4.0470],\n",
      "        [   3.2104],\n",
      "        [   8.6435]])}\n",
      "Weights: tensor([0.8941, 0.1887, 0.1003, 0.0855, 0.0401])\n",
      "Initializing component 6... \n",
      "          Iteration           |          Best param          |        Best objective        \n",
      "              99              |  tensor([17.8660,  1.6195])  |        tensor(2.9485)        \n",
      "Initialization of component 6 complete, x0 = tensor([17.8660,  1.6195], grad_fn=<CatBackward>)\n",
      "Optimizing component 6... \n",
      "Optimization of component 6 complete\n",
      "Updating weights...\n",
      "tensor([[1.0000e+00, 3.2000e-01, 4.2005e-02, 3.0080e-02, 3.5022e-04, 2.6071e-04],\n",
      "        [3.2000e-01, 1.0000e+00, 2.8361e-01, 2.9097e-01, 3.1486e-01, 3.3743e-01],\n",
      "        [4.2005e-02, 2.8361e-01, 1.0000e+00, 9.5002e-08, 1.2690e-01, 1.5481e-10],\n",
      "        [3.0080e-02, 2.9097e-01, 9.5002e-08, 1.0000e+00, 5.0692e-10, 1.4731e-01],\n",
      "        [3.5022e-04, 3.1486e-01, 1.2690e-01, 5.0692e-10, 1.0000e+00, 9.5138e-13],\n",
      "        [2.6071e-04, 3.3743e-01, 1.5481e-10, 1.4731e-01, 9.5138e-13, 1.0000e+00]],\n",
      "       grad_fn=<CopySlices>)\n",
      "Weight update complete...\n",
      "Component 6:\n",
      "Hellinger Dist Sq: tensor(0.0331)\n",
      "Params:{'mus': tensor([[  0.2403],\n",
      "        [ 13.9369],\n",
      "        [-10.5845],\n",
      "        [ 11.0786],\n",
      "        [-20.7337],\n",
      "        [ 19.3807]]), 'sigmas': tensor([[   5.2057],\n",
      "        [1777.0032],\n",
      "        [   4.0470],\n",
      "        [   3.2104],\n",
      "        [   8.6435],\n",
      "        [   5.8945]])}\n",
      "Weights: tensor([0.8988, 0.1715, 0.1043, 0.0846, 0.0450, 0.0384])\n",
      "Initializing component 7... \n",
      "          Iteration           |          Best param          |        Best objective        \n",
      "              99              |   tensor([0.3613, 0.5309])   |        tensor(1.4790)        \n",
      "Initialization of component 7 complete, x0 = tensor([0.3613, 0.5309], grad_fn=<CatBackward>)\n",
      "Optimizing component 7... \n",
      "Optimization of component 7 complete\n",
      "Updating weights...\n",
      "tensor([[1.0000e+00, 3.2000e-01, 4.2005e-02, 3.0080e-02, 3.5022e-04, 2.6071e-04,\n",
      "         5.6727e-01],\n",
      "        [3.2000e-01, 1.0000e+00, 2.8361e-01, 2.9097e-01, 3.1486e-01, 3.3743e-01,\n",
      "         1.3062e-01],\n",
      "        [4.2005e-02, 2.8361e-01, 1.0000e+00, 9.5002e-08, 1.2690e-01, 1.5481e-10,\n",
      "         7.8873e-04],\n",
      "        [3.0080e-02, 2.9097e-01, 9.5002e-08, 1.0000e+00, 5.0692e-10, 1.4731e-01,\n",
      "         6.4302e-05],\n",
      "        [3.5022e-04, 3.1486e-01, 1.2690e-01, 5.0692e-10, 1.0000e+00, 9.5138e-13,\n",
      "         2.5601e-06],\n",
      "        [2.6071e-04, 3.3743e-01, 1.5481e-10, 1.4731e-01, 9.5138e-13, 1.0000e+00,\n",
      "         9.2527e-08],\n",
      "        [5.6727e-01, 1.3062e-01, 7.8873e-04, 6.4302e-05, 2.5601e-06, 9.2527e-08,\n",
      "         1.0000e+00]], grad_fn=<CopySlices>)\n",
      "Weight update complete...\n",
      "Component 7:\n",
      "Hellinger Dist Sq: tensor(0.0060)\n",
      "Params:{'mus': tensor([[  0.2403],\n",
      "        [ 13.9369],\n",
      "        [-10.5845],\n",
      "        [ 11.0786],\n",
      "        [-20.7337],\n",
      "        [ 19.3807],\n",
      "        [ -0.0330]]), 'sigmas': tensor([[5.2057e+00],\n",
      "        [1.7770e+03],\n",
      "        [4.0470e+00],\n",
      "        [3.2104e+00],\n",
      "        [8.6435e+00],\n",
      "        [5.8945e+00],\n",
      "        [1.4435e-01]])}\n",
      "Weights: tensor([0.7082, 0.1871, 0.1033, 0.0824, 0.0372, 0.0306, 0.2816])\n",
      "Initializing component 8... \n",
      "          Iteration           |          Best param          |        Best objective        \n",
      "              99              |  tensor([-1.0290, -3.4444])  |        tensor(2.5002)        \n",
      "Initialization of component 8 complete, x0 = tensor([-1.0290, -3.4444], grad_fn=<CatBackward>)\n",
      "Optimizing component 8... \n",
      "Optimization of component 8 complete\n",
      "Updating weights...\n",
      "tensor([[1.0000e+00, 3.2000e-01, 4.2005e-02, 3.0080e-02, 3.5022e-04, 2.6071e-04,\n",
      "         5.6727e-01, 4.1269e-01],\n",
      "        [3.2000e-01, 1.0000e+00, 2.8361e-01, 2.9097e-01, 3.1486e-01, 3.3743e-01,\n",
      "         1.3062e-01, 1.0251e-01],\n",
      "        [4.2005e-02, 2.8361e-01, 1.0000e+00, 9.5002e-08, 1.2690e-01, 1.5481e-10,\n",
      "         7.8873e-04, 2.1301e-03],\n",
      "        [3.0080e-02, 2.9097e-01, 9.5002e-08, 1.0000e+00, 5.0692e-10, 1.4731e-01,\n",
      "         6.4302e-05, 5.4107e-06],\n",
      "        [3.5022e-04, 3.1486e-01, 1.2690e-01, 5.0692e-10, 1.0000e+00, 9.5138e-13,\n",
      "         2.5601e-06, 6.5530e-06],\n",
      "        [2.6071e-04, 3.3743e-01, 1.5481e-10, 1.4731e-01, 9.5138e-13, 1.0000e+00,\n",
      "         9.2527e-08, 8.8900e-09],\n",
      "        [5.6727e-01, 1.3062e-01, 7.8873e-04, 6.4302e-05, 2.5601e-06, 9.2527e-08,\n",
      "         1.0000e+00, 1.9753e-01],\n",
      "        [4.1269e-01, 1.0251e-01, 2.1301e-03, 5.4107e-06, 6.5530e-06, 8.8900e-09,\n",
      "         1.9753e-01, 1.0000e+00]], grad_fn=<CopySlices>)\n",
      "Weight update complete...\n",
      "Component 8:\n",
      "Hellinger Dist Sq: tensor(0.0049)\n",
      "Params:{'mus': tensor([[  0.2403],\n",
      "        [ 13.9369],\n",
      "        [-10.5845],\n",
      "        [ 11.0786],\n",
      "        [-20.7337],\n",
      "        [ 19.3807],\n",
      "        [ -0.0330],\n",
      "        [ -1.1531]]), 'sigmas': tensor([[5.2057e+00],\n",
      "        [1.7770e+03],\n",
      "        [4.0470e+00],\n",
      "        [3.2104e+00],\n",
      "        [8.6435e+00],\n",
      "        [5.8945e+00],\n",
      "        [1.4435e-01],\n",
      "        [5.5775e-02]])}\n",
      "Weights: tensor([0.6828, 0.1892, 0.1035, 0.0825, 0.0364, 0.0297, 0.2843, 0.0533])\n"
     ]
    },
    {
     "name": "stdout",
     "output_type": "stream",
     "text": [
      "Initializing component 9... \n",
      "          Iteration           |          Best param          |        Best objective        \n",
      "              99              |  tensor([ 1.1962, -2.8504])  |        tensor(2.4719)        \n",
      "Initialization of component 9 complete, x0 = tensor([ 1.1962, -2.8504], grad_fn=<CatBackward>)\n",
      "Optimizing component 9... \n",
      "Optimization of component 9 complete\n",
      "Updating weights...\n",
      "tensor([[1.0000e+00, 3.2000e-01, 4.2005e-02, 3.0080e-02, 3.5022e-04, 2.6071e-04,\n",
      "         5.6727e-01, 4.1269e-01, 4.4206e-01],\n",
      "        [3.2000e-01, 1.0000e+00, 2.8361e-01, 2.9097e-01, 3.1486e-01, 3.3743e-01,\n",
      "         1.3062e-01, 1.0251e-01, 1.0380e-01],\n",
      "        [4.2005e-02, 2.8361e-01, 1.0000e+00, 9.5002e-08, 1.2690e-01, 1.5481e-10,\n",
      "         7.8873e-04, 2.1301e-03, 1.3599e-04],\n",
      "        [3.0080e-02, 2.9097e-01, 9.5002e-08, 1.0000e+00, 5.0692e-10, 1.4731e-01,\n",
      "         6.4302e-05, 5.4107e-06, 2.1504e-04],\n",
      "        [3.5022e-04, 3.1486e-01, 1.2690e-01, 5.0692e-10, 1.0000e+00, 9.5138e-13,\n",
      "         2.5601e-06, 6.5530e-06, 5.1126e-07],\n",
      "        [2.6071e-04, 3.3743e-01, 1.5481e-10, 1.4731e-01, 9.5138e-13, 1.0000e+00,\n",
      "         9.2527e-08, 8.8900e-09, 3.0215e-07],\n",
      "        [5.6727e-01, 1.3062e-01, 7.8873e-04, 6.4302e-05, 2.5601e-06, 9.2527e-08,\n",
      "         1.0000e+00, 1.9753e-01, 2.5175e-01],\n",
      "        [4.1269e-01, 1.0251e-01, 2.1301e-03, 5.4107e-06, 6.5530e-06, 8.8900e-09,\n",
      "         1.9753e-01, 1.0000e+00, 3.3463e-05],\n",
      "        [4.4206e-01, 1.0380e-01, 1.3599e-04, 2.1504e-04, 5.1126e-07, 3.0215e-07,\n",
      "         2.5175e-01, 3.3463e-05, 1.0000e+00]], grad_fn=<CopySlices>)\n",
      "Weight update complete...\n",
      "Component 9:\n",
      "Hellinger Dist Sq: tensor(0.0052)\n",
      "Params:{'mus': tensor([[  0.2403],\n",
      "        [ 13.9369],\n",
      "        [-10.5845],\n",
      "        [ 11.0786],\n",
      "        [-20.7337],\n",
      "        [ 19.3807],\n",
      "        [ -0.0330],\n",
      "        [ -1.1531],\n",
      "        [  0.9998]]), 'sigmas': tensor([[5.2057e+00],\n",
      "        [1.7770e+03],\n",
      "        [4.0470e+00],\n",
      "        [3.2104e+00],\n",
      "        [8.6435e+00],\n",
      "        [5.8945e+00],\n",
      "        [1.4435e-01],\n",
      "        [5.5775e-02],\n",
      "        [5.6668e-02]])}\n",
      "Weights: tensor([0.6461, 0.1929, 0.1039, 0.0824, 0.0350, 0.0283, 0.2849, 0.0674, 0.0634])\n",
      "Initializing component 10... \n",
      "          Iteration           |          Best param          |        Best objective        \n",
      "              99              |  tensor([-2.7971,  2.2796])  |        tensor(3.0481)        \n",
      "Initialization of component 10 complete, x0 = tensor([-2.7971,  2.2796], grad_fn=<CatBackward>)\n",
      "Optimizing component 10... \n",
      "Optimization of component 10 complete\n",
      "Updating weights...\n",
      "tensor([[1.0000e+00, 3.2000e-01, 4.2005e-02, 3.0080e-02, 3.5022e-04, 2.6071e-04,\n",
      "         5.6727e-01, 4.1269e-01, 4.4206e-01, 1.2743e-01],\n",
      "        [3.2000e-01, 1.0000e+00, 2.8361e-01, 2.9097e-01, 3.1486e-01, 3.3743e-01,\n",
      "         1.3062e-01, 1.0251e-01, 1.0380e-01, 1.8909e-01],\n",
      "        [4.2005e-02, 2.8361e-01, 1.0000e+00, 9.5002e-08, 1.2690e-01, 1.5481e-10,\n",
      "         7.8873e-04, 2.1301e-03, 1.3599e-04, 3.3348e-01],\n",
      "        [3.0080e-02, 2.9097e-01, 9.5002e-08, 1.0000e+00, 5.0692e-10, 1.4731e-01,\n",
      "         6.4302e-05, 5.4107e-06, 2.1504e-04, 3.3360e-09],\n",
      "        [3.5022e-04, 3.1486e-01, 1.2690e-01, 5.0692e-10, 1.0000e+00, 9.5138e-13,\n",
      "         2.5601e-06, 6.5530e-06, 5.1126e-07, 2.9582e-03],\n",
      "        [2.6071e-04, 3.3743e-01, 1.5481e-10, 1.4731e-01, 9.5138e-13, 1.0000e+00,\n",
      "         9.2527e-08, 8.8900e-09, 3.0215e-07, 1.0091e-11],\n",
      "        [5.6727e-01, 1.3062e-01, 7.8873e-04, 6.4302e-05, 2.5601e-06, 9.2527e-08,\n",
      "         1.0000e+00, 1.9753e-01, 2.5175e-01, 7.3732e-06],\n",
      "        [4.1269e-01, 1.0251e-01, 2.1301e-03, 5.4107e-06, 6.5530e-06, 8.8900e-09,\n",
      "         1.9753e-01, 1.0000e+00, 3.3463e-05, 1.0635e-04],\n",
      "        [4.4206e-01, 1.0380e-01, 1.3599e-04, 2.1504e-04, 5.1126e-07, 3.0215e-07,\n",
      "         2.5175e-01, 3.3463e-05, 1.0000e+00, 1.6853e-08],\n",
      "        [1.2743e-01, 1.8909e-01, 3.3348e-01, 3.3360e-09, 2.9582e-03, 1.0091e-11,\n",
      "         7.3732e-06, 1.0635e-04, 1.6853e-08, 1.0000e+00]],\n",
      "       grad_fn=<CopySlices>)\n",
      "Weight update complete...\n",
      "Component 10:\n",
      "Hellinger Dist Sq: tensor(0.0026)\n",
      "Params:{'mus': tensor([[  0.2403],\n",
      "        [ 13.9369],\n",
      "        [-10.5845],\n",
      "        [ 11.0786],\n",
      "        [-20.7337],\n",
      "        [ 19.3807],\n",
      "        [ -0.0330],\n",
      "        [ -1.1531],\n",
      "        [  0.9998],\n",
      "        [ -6.3738]]), 'sigmas': tensor([[5.2057e+00],\n",
      "        [1.7770e+03],\n",
      "        [4.0470e+00],\n",
      "        [3.2104e+00],\n",
      "        [8.6435e+00],\n",
      "        [5.8945e+00],\n",
      "        [1.4435e-01],\n",
      "        [5.5775e-02],\n",
      "        [5.6668e-02],\n",
      "        [7.1682e-01]])}\n",
      "Weights: tensor([0.6379, 0.1884, 0.0919, 0.0837, 0.0378, 0.0296, 0.2883, 0.0703, 0.0663,\n",
      "        0.0393])\n",
      "Initializing component 11... \n",
      "          Iteration           |          Best param          |        Best objective        \n",
      "              99              |  tensor([ 6.4921, -0.0527])  |        tensor(3.0568)        \n",
      "Initialization of component 11 complete, x0 = tensor([ 6.4921, -0.0527], grad_fn=<CatBackward>)\n",
      "Optimizing component 11... \n",
      "Optimization of component 11 complete\n",
      "Updating weights...\n",
      "tensor([[1.0000e+00, 3.2000e-01, 4.2005e-02, 3.0080e-02, 3.5022e-04, 2.6071e-04,\n",
      "         5.6727e-01, 4.1269e-01, 4.4206e-01, 1.2743e-01, 9.2418e-02],\n",
      "        [3.2000e-01, 1.0000e+00, 2.8361e-01, 2.9097e-01, 3.1486e-01, 3.3743e-01,\n",
      "         1.3062e-01, 1.0251e-01, 1.0380e-01, 1.8909e-01, 1.8977e-01],\n",
      "        [4.2005e-02, 2.8361e-01, 1.0000e+00, 9.5002e-08, 1.2690e-01, 1.5481e-10,\n",
      "         7.8873e-04, 2.1301e-03, 1.3599e-04, 3.3348e-01, 2.8237e-08],\n",
      "        [3.0080e-02, 2.9097e-01, 9.5002e-08, 1.0000e+00, 5.0692e-10, 1.4731e-01,\n",
      "         6.4302e-05, 5.4107e-06, 2.1504e-04, 3.3360e-09, 3.2772e-01],\n",
      "        [3.5022e-04, 3.1486e-01, 1.2690e-01, 5.0692e-10, 1.0000e+00, 9.5138e-13,\n",
      "         2.5601e-06, 6.5530e-06, 5.1126e-07, 2.9582e-03, 4.2239e-10],\n",
      "        [2.6071e-04, 3.3743e-01, 1.5481e-10, 1.4731e-01, 9.5138e-13, 1.0000e+00,\n",
      "         9.2527e-08, 8.8900e-09, 3.0215e-07, 1.0091e-11, 2.6556e-03],\n",
      "        [5.6727e-01, 1.3062e-01, 7.8873e-04, 6.4302e-05, 2.5601e-06, 9.2527e-08,\n",
      "         1.0000e+00, 1.9753e-01, 2.5175e-01, 7.3732e-06, 1.2015e-08],\n",
      "        [4.1269e-01, 1.0251e-01, 2.1301e-03, 5.4107e-06, 6.5530e-06, 8.8900e-09,\n",
      "         1.9753e-01, 1.0000e+00, 3.3463e-05, 1.0635e-04, 9.3510e-13],\n",
      "        [4.4206e-01, 1.0380e-01, 1.3599e-04, 2.1504e-04, 5.1126e-07, 3.0215e-07,\n",
      "         2.5175e-01, 3.3463e-05, 1.0000e+00, 1.6853e-08, 1.9478e-07],\n",
      "        [1.2743e-01, 1.8909e-01, 3.3348e-01, 3.3360e-09, 2.9582e-03, 1.0091e-11,\n",
      "         7.3732e-06, 1.0635e-04, 1.6853e-08, 1.0000e+00, 3.5439e-16],\n",
      "        [9.2418e-02, 1.8977e-01, 2.8237e-08, 3.2772e-01, 4.2239e-10, 2.6556e-03,\n",
      "         1.2015e-08, 9.3510e-13, 1.9478e-07, 3.5439e-16, 1.0000e+00]],\n",
      "       grad_fn=<CopySlices>)\n",
      "Weight update complete...\n",
      "Component 11:\n",
      "Hellinger Dist Sq: tensor(0.0018)\n",
      "Params:{'mus': tensor([[  0.2403],\n",
      "        [ 13.9369],\n",
      "        [-10.5845],\n",
      "        [ 11.0786],\n",
      "        [-20.7337],\n",
      "        [ 19.3807],\n",
      "        [ -0.0330],\n",
      "        [ -1.1531],\n",
      "        [  0.9998],\n",
      "        [ -6.3738],\n",
      "        [  7.2686]]), 'sigmas': tensor([[5.2057e+00],\n",
      "        [1.7770e+03],\n",
      "        [4.0470e+00],\n",
      "        [3.2104e+00],\n",
      "        [8.6435e+00],\n",
      "        [5.8945e+00],\n",
      "        [1.4435e-01],\n",
      "        [5.5775e-02],\n",
      "        [5.6668e-02],\n",
      "        [7.1682e-01],\n",
      "        [5.9113e-01]])}\n",
      "Weights: tensor([0.6325, 0.1829, 0.0930, 0.0721, 0.0393, 0.0330, 0.2908, 0.0723, 0.0684,\n",
      "        0.0406, 0.0389])\n",
      "Initializing component 12... \n",
      "          Iteration           |          Best param          |        Best objective        \n",
      "              99              |  tensor([-0.8936,  0.3656])  |        tensor(3.4082)        \n",
      "Initialization of component 12 complete, x0 = tensor([-0.8936,  0.3656], grad_fn=<CatBackward>)\n",
      "Optimizing component 12... \n",
      "Optimization of component 12 complete\n",
      "Updating weights...\n",
      "tensor([[1.0000e+00, 3.2000e-01, 4.2005e-02, 3.0080e-02, 3.5022e-04, 2.6071e-04,\n",
      "         5.6727e-01, 4.1269e-01, 4.4206e-01, 1.2743e-01, 9.2418e-02, 3.2582e-01],\n",
      "        [3.2000e-01, 1.0000e+00, 2.8361e-01, 2.9097e-01, 3.1486e-01, 3.3743e-01,\n",
      "         1.3062e-01, 1.0251e-01, 1.0380e-01, 1.8909e-01, 1.8977e-01, 9.2525e-02],\n",
      "        [4.2005e-02, 2.8361e-01, 1.0000e+00, 9.5002e-08, 1.2690e-01, 1.5481e-10,\n",
      "         7.8873e-04, 2.1301e-03, 1.3599e-04, 3.3348e-01, 2.8237e-08, 4.6160e-03],\n",
      "        [3.0080e-02, 2.9097e-01, 9.5002e-08, 1.0000e+00, 5.0692e-10, 1.4731e-01,\n",
      "         6.4302e-05, 5.4107e-06, 2.1504e-04, 3.3360e-09, 3.2772e-01, 9.5447e-07],\n",
      "        [3.5022e-04, 3.1486e-01, 1.2690e-01, 5.0692e-10, 1.0000e+00, 9.5138e-13,\n",
      "         2.5601e-06, 6.5530e-06, 5.1126e-07, 2.9582e-03, 4.2239e-10, 1.4193e-05],\n",
      "        [2.6071e-04, 3.3743e-01, 1.5481e-10, 1.4731e-01, 9.5138e-13, 1.0000e+00,\n",
      "         9.2527e-08, 8.8900e-09, 3.0215e-07, 1.0091e-11, 2.6556e-03, 1.8304e-09],\n",
      "        [5.6727e-01, 1.3062e-01, 7.8873e-04, 6.4302e-05, 2.5601e-06, 9.2527e-08,\n",
      "         1.0000e+00, 1.9753e-01, 2.5175e-01, 7.3732e-06, 1.2015e-08, 5.3919e-03],\n",
      "        [4.1269e-01, 1.0251e-01, 2.1301e-03, 5.4107e-06, 6.5530e-06, 8.8900e-09,\n",
      "         1.9753e-01, 1.0000e+00, 3.3463e-05, 1.0635e-04, 9.3510e-13, 1.7122e-01],\n",
      "        [4.4206e-01, 1.0380e-01, 1.3599e-04, 2.1504e-04, 5.1126e-07, 3.0215e-07,\n",
      "         2.5175e-01, 3.3463e-05, 1.0000e+00, 1.6853e-08, 1.9478e-07, 7.6218e-11],\n",
      "        [1.2743e-01, 1.8909e-01, 3.3348e-01, 3.3360e-09, 2.9582e-03, 1.0091e-11,\n",
      "         7.3732e-06, 1.0635e-04, 1.6853e-08, 1.0000e+00, 3.5439e-16, 1.0433e-03],\n",
      "        [9.2418e-02, 1.8977e-01, 2.8237e-08, 3.2772e-01, 4.2239e-10, 2.6556e-03,\n",
      "         1.2015e-08, 9.3510e-13, 1.9478e-07, 3.5439e-16, 1.0000e+00, 1.3219e-15],\n",
      "        [3.2582e-01, 9.2525e-02, 4.6160e-03, 9.5447e-07, 1.4193e-05, 1.8304e-09,\n",
      "         5.3919e-03, 1.7122e-01, 7.6218e-11, 1.0433e-03, 1.3219e-15, 1.0000e+00]],\n",
      "       grad_fn=<CopySlices>)\n",
      "Weight update complete...\n"
     ]
    },
    {
     "name": "stdout",
     "output_type": "stream",
     "text": [
      "Component 12:\n",
      "Hellinger Dist Sq: tensor(0.0017)\n",
      "Params:{'mus': tensor([[  0.2403],\n",
      "        [ 13.9369],\n",
      "        [-10.5845],\n",
      "        [ 11.0786],\n",
      "        [-20.7337],\n",
      "        [ 19.3807],\n",
      "        [ -0.0330],\n",
      "        [ -1.1531],\n",
      "        [  0.9998],\n",
      "        [ -6.3738],\n",
      "        [  7.2686],\n",
      "        [ -1.9625]]), 'sigmas': tensor([[5.2057e+00],\n",
      "        [1.7770e+03],\n",
      "        [4.0470e+00],\n",
      "        [3.2104e+00],\n",
      "        [8.6435e+00],\n",
      "        [5.8945e+00],\n",
      "        [1.4435e-01],\n",
      "        [5.5775e-02],\n",
      "        [5.6668e-02],\n",
      "        [7.1682e-01],\n",
      "        [5.9113e-01],\n",
      "        [3.7537e-02]])}\n",
      "Weights: tensor([0.6186, 0.1835, 0.0927, 0.0720, 0.0391, 0.0328, 0.2971, 0.0727, 0.0727,\n",
      "        0.0422, 0.0401, 0.0229])\n",
      "Initializing component 13... \n",
      "          Iteration           |          Best param          |        Best objective        \n",
      "              99              |tensor([-121.3751,    3.4154])|        tensor(3.4856)        \n",
      "Initialization of component 13 complete, x0 = tensor([-121.3751,    3.4154], grad_fn=<CatBackward>)\n",
      "Optimizing component 13... \n",
      "Optimization of component 13 complete\n",
      "Updating weights...\n",
      "tensor([[1.0000e+00, 3.2000e-01, 4.2005e-02, 3.0080e-02, 3.5022e-04, 2.6071e-04,\n",
      "         5.6727e-01, 4.1269e-01, 4.4206e-01, 1.2743e-01, 9.2418e-02, 3.2582e-01,\n",
      "         8.7253e-03],\n",
      "        [3.2000e-01, 1.0000e+00, 2.8361e-01, 2.9097e-01, 3.1486e-01, 3.3743e-01,\n",
      "         1.3062e-01, 1.0251e-01, 1.0380e-01, 1.8909e-01, 1.8977e-01, 9.2525e-02,\n",
      "         1.7375e-01],\n",
      "        [4.2005e-02, 2.8361e-01, 1.0000e+00, 9.5002e-08, 1.2690e-01, 1.5481e-10,\n",
      "         7.8873e-04, 2.1301e-03, 1.3599e-04, 3.3348e-01, 2.8237e-08, 4.6160e-03,\n",
      "         1.5108e-02],\n",
      "        [3.0080e-02, 2.9097e-01, 9.5002e-08, 1.0000e+00, 5.0692e-10, 1.4731e-01,\n",
      "         6.4302e-05, 5.4107e-06, 2.1504e-04, 3.3360e-09, 3.2772e-01, 9.5447e-07,\n",
      "         3.9253e-03],\n",
      "        [3.5022e-04, 3.1486e-01, 1.2690e-01, 5.0692e-10, 1.0000e+00, 9.5138e-13,\n",
      "         2.5601e-06, 6.5530e-06, 5.1126e-07, 2.9582e-03, 4.2239e-10, 1.4193e-05,\n",
      "         3.1223e-02],\n",
      "        [2.6071e-04, 3.3743e-01, 1.5481e-10, 1.4731e-01, 9.5138e-13, 1.0000e+00,\n",
      "         9.2527e-08, 8.8900e-09, 3.0215e-07, 1.0091e-11, 2.6556e-03, 1.8304e-09,\n",
      "         2.6610e-03],\n",
      "        [5.6727e-01, 1.3062e-01, 7.8873e-04, 6.4302e-05, 2.5601e-06, 9.2527e-08,\n",
      "         1.0000e+00, 1.9753e-01, 2.5175e-01, 7.3732e-06, 1.2015e-08, 5.3919e-03,\n",
      "         3.5632e-03],\n",
      "        [4.1269e-01, 1.0251e-01, 2.1301e-03, 5.4107e-06, 6.5530e-06, 8.8900e-09,\n",
      "         1.9753e-01, 1.0000e+00, 3.3463e-05, 1.0635e-04, 9.3510e-13, 1.7122e-01,\n",
      "         3.0012e-03],\n",
      "        [4.4206e-01, 1.0380e-01, 1.3599e-04, 2.1504e-04, 5.1126e-07, 3.0215e-07,\n",
      "         2.5175e-01, 3.3463e-05, 1.0000e+00, 1.6853e-08, 1.9478e-07, 7.6218e-11,\n",
      "         2.6510e-03],\n",
      "        [1.2743e-01, 1.8909e-01, 3.3348e-01, 3.3360e-09, 2.9582e-03, 1.0091e-11,\n",
      "         7.3732e-06, 1.0635e-04, 1.6853e-08, 1.0000e+00, 3.5439e-16, 1.0433e-03,\n",
      "         7.6951e-03],\n",
      "        [9.2418e-02, 1.8977e-01, 2.8237e-08, 3.2772e-01, 4.2239e-10, 2.6556e-03,\n",
      "         1.2015e-08, 9.3510e-13, 1.9478e-07, 3.5439e-16, 1.0000e+00, 1.3219e-15,\n",
      "         3.2471e-03],\n",
      "        [3.2582e-01, 9.2525e-02, 4.6160e-03, 9.5447e-07, 1.4193e-05, 1.8304e-09,\n",
      "         5.3919e-03, 1.7122e-01, 7.6218e-11, 1.0433e-03, 1.3219e-15, 1.0000e+00,\n",
      "         2.8506e-03],\n",
      "        [8.7253e-03, 1.7375e-01, 1.5108e-02, 3.9253e-03, 3.1223e-02, 2.6610e-03,\n",
      "         3.5632e-03, 3.0012e-03, 2.6510e-03, 7.6951e-03, 3.2471e-03, 2.8506e-03,\n",
      "         1.0000e+00]], grad_fn=<CopySlices>)\n",
      "Weight update complete...\n",
      "Component 13:\n",
      "Hellinger Dist Sq: tensor(0.0023)\n",
      "Params:{'mus': tensor([[ 2.4029e-01],\n",
      "        [ 1.3937e+01],\n",
      "        [-1.0585e+01],\n",
      "        [ 1.1079e+01],\n",
      "        [-2.0734e+01],\n",
      "        [ 1.9381e+01],\n",
      "        [-3.2999e-02],\n",
      "        [-1.1531e+00],\n",
      "        [ 9.9978e-01],\n",
      "        [-6.3738e+00],\n",
      "        [ 7.2686e+00],\n",
      "        [-1.9625e+00],\n",
      "        [-1.2637e+02]]), 'sigmas': tensor([[5.2057e+00],\n",
      "        [1.7770e+03],\n",
      "        [4.0470e+00],\n",
      "        [3.2104e+00],\n",
      "        [8.6435e+00],\n",
      "        [5.8945e+00],\n",
      "        [1.4435e-01],\n",
      "        [5.5775e-02],\n",
      "        [5.6668e-02],\n",
      "        [7.1682e-01],\n",
      "        [5.9113e-01],\n",
      "        [3.7537e-02],\n",
      "        [1.0618e+03]])}\n",
      "Weights: tensor([0.6216, 0.1730, 0.0944, 0.0739, 0.0410, 0.0359, 0.2964, 0.0724, 0.0723,\n",
      "        0.0429, 0.0409, 0.0227, 0.0370])\n",
      "Initializing component 14... \n",
      "          Iteration           |          Best param          |        Best objective        \n",
      "              99              |  tensor([-0.7314, -3.9120])  |        tensor(3.6741)        \n",
      "Initialization of component 14 complete, x0 = tensor([-0.7314, -3.9120], grad_fn=<CatBackward>)\n",
      "Optimizing component 14... \n",
      "Optimization of component 14 complete\n",
      "Updating weights...\n",
      "tensor([[1.0000e+00, 3.2000e-01, 4.2005e-02, 3.0080e-02, 3.5022e-04, 2.6071e-04,\n",
      "         5.6727e-01, 4.1269e-01, 4.4206e-01, 1.2743e-01, 9.2418e-02, 3.2582e-01,\n",
      "         8.7253e-03, 2.8126e-01],\n",
      "        [3.2000e-01, 1.0000e+00, 2.8361e-01, 2.9097e-01, 3.1486e-01, 3.3743e-01,\n",
      "         1.3062e-01, 1.0251e-01, 1.0380e-01, 1.8909e-01, 1.8977e-01, 9.2525e-02,\n",
      "         1.7375e-01, 6.6067e-02],\n",
      "        [4.2005e-02, 2.8361e-01, 1.0000e+00, 9.5002e-08, 1.2690e-01, 1.5481e-10,\n",
      "         7.8873e-04, 2.1301e-03, 1.3599e-04, 3.3348e-01, 2.8237e-08, 4.6160e-03,\n",
      "         1.5108e-02, 7.1756e-04],\n",
      "        [3.0080e-02, 2.9097e-01, 9.5002e-08, 1.0000e+00, 5.0692e-10, 1.4731e-01,\n",
      "         6.4302e-05, 5.4107e-06, 2.1504e-04, 3.3360e-09, 3.2772e-01, 9.5447e-07,\n",
      "         3.9253e-03, 7.4696e-06],\n",
      "        [3.5022e-04, 3.1486e-01, 1.2690e-01, 5.0692e-10, 1.0000e+00, 9.5138e-13,\n",
      "         2.5601e-06, 6.5530e-06, 5.1126e-07, 2.9582e-03, 4.2239e-10, 1.4193e-05,\n",
      "         3.1223e-02, 2.2595e-06],\n",
      "        [2.6071e-04, 3.3743e-01, 1.5481e-10, 1.4731e-01, 9.5138e-13, 1.0000e+00,\n",
      "         9.2527e-08, 8.8900e-09, 3.0215e-07, 1.0091e-11, 2.6556e-03, 1.8304e-09,\n",
      "         2.6610e-03, 1.1695e-08],\n",
      "        [5.6727e-01, 1.3062e-01, 7.8873e-04, 6.4302e-05, 2.5601e-06, 9.2527e-08,\n",
      "         1.0000e+00, 1.9753e-01, 2.5175e-01, 7.3732e-06, 1.2015e-08, 5.3919e-03,\n",
      "         3.5632e-03, 3.6811e-01],\n",
      "        [4.1269e-01, 1.0251e-01, 2.1301e-03, 5.4107e-06, 6.5530e-06, 8.8900e-09,\n",
      "         1.9753e-01, 1.0000e+00, 3.3463e-05, 1.0635e-04, 9.3510e-13, 1.7122e-01,\n",
      "         3.0012e-03, 3.2901e-01],\n",
      "        [4.4206e-01, 1.0380e-01, 1.3599e-04, 2.1504e-04, 5.1126e-07, 3.0215e-07,\n",
      "         2.5175e-01, 3.3463e-05, 1.0000e+00, 1.6853e-08, 1.9478e-07, 7.6218e-11,\n",
      "         2.6510e-03, 2.6067e-05],\n",
      "        [1.2743e-01, 1.8909e-01, 3.3348e-01, 3.3360e-09, 2.9582e-03, 1.0091e-11,\n",
      "         7.3732e-06, 1.0635e-04, 1.6853e-08, 1.0000e+00, 3.5439e-16, 1.0433e-03,\n",
      "         7.6951e-03, 6.2439e-06],\n",
      "        [9.2418e-02, 1.8977e-01, 2.8237e-08, 3.2772e-01, 4.2239e-10, 2.6556e-03,\n",
      "         1.2015e-08, 9.3510e-13, 1.9478e-07, 3.5439e-16, 1.0000e+00, 1.3219e-15,\n",
      "         3.2471e-03, 2.1969e-12],\n",
      "        [3.2582e-01, 9.2525e-02, 4.6160e-03, 9.5447e-07, 1.4193e-05, 1.8304e-09,\n",
      "         5.3919e-03, 1.7122e-01, 7.6218e-11, 1.0433e-03, 1.3219e-15, 1.0000e+00,\n",
      "         2.8506e-03, 1.0687e-04],\n",
      "        [8.7253e-03, 1.7375e-01, 1.5108e-02, 3.9253e-03, 3.1223e-02, 2.6610e-03,\n",
      "         3.5632e-03, 3.0012e-03, 2.6510e-03, 7.6951e-03, 3.2471e-03, 2.8506e-03,\n",
      "         1.0000e+00, 1.8743e-03],\n",
      "        [2.8126e-01, 6.6067e-02, 7.1756e-04, 7.4696e-06, 2.2595e-06, 1.1695e-08,\n",
      "         3.6811e-01, 3.2901e-01, 2.6067e-05, 6.2439e-06, 2.1969e-12, 1.0687e-04,\n",
      "         1.8743e-03, 1.0000e+00]], grad_fn=<CopySlices>)\n",
      "Weight update complete...\n",
      "Component 14:\n",
      "Hellinger Dist Sq: tensor(0.0015)\n",
      "Params:{'mus': tensor([[ 2.4029e-01],\n",
      "        [ 1.3937e+01],\n",
      "        [-1.0585e+01],\n",
      "        [ 1.1079e+01],\n",
      "        [-2.0734e+01],\n",
      "        [ 1.9381e+01],\n",
      "        [-3.2999e-02],\n",
      "        [-1.1531e+00],\n",
      "        [ 9.9978e-01],\n",
      "        [-6.3738e+00],\n",
      "        [ 7.2686e+00],\n",
      "        [-1.9625e+00],\n",
      "        [-1.2637e+02],\n",
      "        [-6.5810e-01]]), 'sigmas': tensor([[5.2057e+00],\n",
      "        [1.7770e+03],\n",
      "        [4.0470e+00],\n",
      "        [3.2104e+00],\n",
      "        [8.6435e+00],\n",
      "        [5.8945e+00],\n",
      "        [1.4435e-01],\n",
      "        [5.5775e-02],\n",
      "        [5.6668e-02],\n",
      "        [7.1682e-01],\n",
      "        [5.9113e-01],\n",
      "        [3.7537e-02],\n",
      "        [1.0618e+03],\n",
      "        [9.5420e-03]])}\n",
      "Weights: tensor([0.6204, 0.1731, 0.0944, 0.0739, 0.0410, 0.0358, 0.2924, 0.0691, 0.0738,\n",
      "        0.0430, 0.0410, 0.0237, 0.0370, 0.0132])\n"
     ]
    },
    {
     "name": "stdout",
     "output_type": "stream",
     "text": [
      "Initializing component 15... \n",
      "          Iteration           |          Best param          |        Best objective        \n",
      "              99              |  tensor([ 1.6470, -2.1808])  |        tensor(3.4677)        \n",
      "Initialization of component 15 complete, x0 = tensor([ 1.6470, -2.1808], grad_fn=<CatBackward>)\n",
      "Optimizing component 15... \n",
      "Optimization of component 15 complete\n",
      "Updating weights...\n",
      "tensor([[1.0000e+00, 3.2000e-01, 4.2005e-02, 3.0080e-02, 3.5022e-04, 2.6071e-04,\n",
      "         5.6727e-01, 4.1269e-01, 4.4206e-01, 1.2743e-01, 9.2418e-02, 3.2582e-01,\n",
      "         8.7253e-03, 2.8126e-01, 3.2698e-01],\n",
      "        [3.2000e-01, 1.0000e+00, 2.8361e-01, 2.9097e-01, 3.1486e-01, 3.3743e-01,\n",
      "         1.3062e-01, 1.0251e-01, 1.0380e-01, 1.8909e-01, 1.8977e-01, 9.2525e-02,\n",
      "         1.7375e-01, 6.6067e-02, 8.2506e-02],\n",
      "        [4.2005e-02, 2.8361e-01, 1.0000e+00, 9.5002e-08, 1.2690e-01, 1.5481e-10,\n",
      "         7.8873e-04, 2.1301e-03, 1.3599e-04, 3.3348e-01, 2.8237e-08, 4.6160e-03,\n",
      "         1.5108e-02, 7.1756e-04, 3.6881e-05],\n",
      "        [3.0080e-02, 2.9097e-01, 9.5002e-08, 1.0000e+00, 5.0692e-10, 1.4731e-01,\n",
      "         6.4302e-05, 5.4107e-06, 2.1504e-04, 3.3360e-09, 3.2772e-01, 9.5447e-07,\n",
      "         3.9253e-03, 7.4696e-06, 4.4470e-04],\n",
      "        [3.5022e-04, 3.1486e-01, 1.2690e-01, 5.0692e-10, 1.0000e+00, 9.5138e-13,\n",
      "         2.5601e-06, 6.5530e-06, 5.1126e-07, 2.9582e-03, 4.2239e-10, 1.4193e-05,\n",
      "         3.1223e-02, 2.2595e-06, 1.6027e-07],\n",
      "        [2.6071e-04, 3.3743e-01, 1.5481e-10, 1.4731e-01, 9.5138e-13, 1.0000e+00,\n",
      "         9.2527e-08, 8.8900e-09, 3.0215e-07, 1.0091e-11, 2.6556e-03, 1.8304e-09,\n",
      "         2.6610e-03, 1.1695e-08, 6.3149e-07],\n",
      "        [5.6727e-01, 1.3062e-01, 7.8873e-04, 6.4302e-05, 2.5601e-06, 9.2527e-08,\n",
      "         1.0000e+00, 1.9753e-01, 2.5175e-01, 7.3732e-06, 1.2015e-08, 5.3919e-03,\n",
      "         3.5632e-03, 3.6811e-01, 9.7514e-03],\n",
      "        [4.1269e-01, 1.0251e-01, 2.1301e-03, 5.4107e-06, 6.5530e-06, 8.8900e-09,\n",
      "         1.9753e-01, 1.0000e+00, 3.3463e-05, 1.0635e-04, 9.3510e-13, 1.7122e-01,\n",
      "         3.0012e-03, 3.2901e-01, 5.8872e-12],\n",
      "        [4.4206e-01, 1.0380e-01, 1.3599e-04, 2.1504e-04, 5.1126e-07, 3.0215e-07,\n",
      "         2.5175e-01, 3.3463e-05, 1.0000e+00, 1.6853e-08, 1.9478e-07, 7.6218e-11,\n",
      "         2.6510e-03, 2.6067e-05, 2.1262e-01],\n",
      "        [1.2743e-01, 1.8909e-01, 3.3348e-01, 3.3360e-09, 2.9582e-03, 1.0091e-11,\n",
      "         7.3732e-06, 1.0635e-04, 1.6853e-08, 1.0000e+00, 3.5439e-16, 1.0433e-03,\n",
      "         7.6951e-03, 6.2439e-06, 1.6689e-10],\n",
      "        [9.2418e-02, 1.8977e-01, 2.8237e-08, 3.2772e-01, 4.2239e-10, 2.6556e-03,\n",
      "         1.2015e-08, 9.3510e-13, 1.9478e-07, 3.5439e-16, 1.0000e+00, 1.3219e-15,\n",
      "         3.2471e-03, 2.1969e-12, 1.8846e-06],\n",
      "        [3.2582e-01, 9.2525e-02, 4.6160e-03, 9.5447e-07, 1.4193e-05, 1.8304e-09,\n",
      "         5.3919e-03, 1.7122e-01, 7.6218e-11, 1.0433e-03, 1.3219e-15, 1.0000e+00,\n",
      "         2.8506e-03, 1.0687e-04, 7.1996e-25],\n",
      "        [8.7253e-03, 1.7375e-01, 1.5108e-02, 3.9253e-03, 3.1223e-02, 2.6610e-03,\n",
      "         3.5632e-03, 3.0012e-03, 2.6510e-03, 7.6951e-03, 3.2471e-03, 2.8506e-03,\n",
      "         1.0000e+00, 1.8743e-03, 2.0166e-03],\n",
      "        [2.8126e-01, 6.6067e-02, 7.1756e-04, 7.4696e-06, 2.2595e-06, 1.1695e-08,\n",
      "         3.6811e-01, 3.2901e-01, 2.6067e-05, 6.2439e-06, 2.1969e-12, 1.0687e-04,\n",
      "         1.8743e-03, 1.0000e+00, 1.8896e-19],\n",
      "        [3.2698e-01, 8.2506e-02, 3.6881e-05, 4.4470e-04, 1.6027e-07, 6.3149e-07,\n",
      "         9.7514e-03, 5.8872e-12, 2.1262e-01, 1.6689e-10, 1.8846e-06, 7.1996e-25,\n",
      "         2.0166e-03, 1.8896e-19, 1.0000e+00]], grad_fn=<CopySlices>)\n",
      "Weight update complete...\n",
      "Component 15:\n",
      "Hellinger Dist Sq: tensor(0.0014)\n",
      "Params:{'mus': tensor([[ 2.4029e-01],\n",
      "        [ 1.3937e+01],\n",
      "        [-1.0585e+01],\n",
      "        [ 1.1079e+01],\n",
      "        [-2.0734e+01],\n",
      "        [ 1.9381e+01],\n",
      "        [-3.2999e-02],\n",
      "        [-1.1531e+00],\n",
      "        [ 9.9978e-01],\n",
      "        [-6.3738e+00],\n",
