{
 "cells": [
  {
   "cell_type": "code",
   "execution_count": 1,
   "metadata": {},
   "outputs": [],
   "source": [
    "import torch\n",
    "\n",
    "from matplotlib import pyplot as plt\n",
    "import numpy as np\n",
    "\n",
    "from gaussians import Gaussian\n",
    "from ubvi import UBVI"
   ]
  },
  {
   "cell_type": "code",
   "execution_count": 2,
   "metadata": {},
   "outputs": [],
   "source": [
    "def logp_banana(X):\n",
    "    b = 0.1\n",
    "    x = X[:,0]\n",
    "    y = X[:,1]\n",
    "    return -x**2/200 - (y+b*x**2-100*b)**2/2 - np.log(2*np.pi*10)\n",
    "\n",
    "def logp_cauchy(x):\n",
    "    return -torch.log(1 + (x ** 2).sum(dim=-1))\n",
    "example_log_pdf_1 = lambda x: -torch.log(1 + (x ** 2).sum(dim=-1))"
   ]
  },
  {
   "cell_type": "code",
   "execution_count": 41,
   "metadata": {},
   "outputs": [],
   "source": [
    "test = UBVI(logp_cauchy, Gaussian(1), num_opt_steps=1000, n_samples=100000, n_init=100, init_inflation=100)"
   ]
  },
  {
   "cell_type": "code",
   "execution_count": 20,
   "metadata": {},
   "outputs": [],
   "source": [
    "# test = UBVI(logp_cauchy, Gaussian(1), num_opt_steps=1000, n_samples=1000, n_init=100, init_inflation=100)"
   ]
  },
  {
   "cell_type": "code",
   "execution_count": 6,
   "metadata": {},
   "outputs": [],
   "source": [
    "test.build(10)"
   ]
  },
  {
   "cell_type": "code",
   "execution_count": 9,
   "metadata": {},
   "outputs": [
    {
     "data": {
      "text/plain": [
       "tensor([4.1405])"
      ]
     },
     "execution_count": 9,
     "metadata": {},
     "output_type": "execute_result"
    }
   ],
   "source": [
    "torch.log(torch.Teor(2*np.pi*10))"
   ]
  },
  {
   "cell_type": "code",
   "execution_count": 11,
   "metadata": {},
   "outputs": [],
   "source": [
    "res = test._hellsq_estimate()"
   ]
  },
  {
   "cell_type": "code",
   "execution_count": 27,
   "metadata": {},
   "outputs": [
    {
     "data": {
      "text/plain": [
       "0.1572774"
      ]
     },
     "execution_count": 27,
     "metadata": {},
     "output_type": "execute_result"
    }
   ],
   "source": [
    "res.data.numpy().reshape((1))[0]"
   ]
  },
  {
   "cell_type": "code",
   "execution_count": 43,
   "metadata": {},
   "outputs": [
    {
     "name": "stdout",
     "output_type": "stream",
     "text": [
      "Initializing component 1... \n",
      "          Iteration           |          Best param          |        Best objective        \n",
      "              0               | tensor([244.9276,   0.0000]) |        tensor(4.7020)        \n",
      "              99              |  tensor([-0.0517,  0.0000])  |       tensor(-0.4576)        \n",
      "Initialization of component 1 complete, x0 = tensor([-0.0517,  0.0000])\n",
      "Optimizing component 1... \n",
      "Optimization of component 1 complete\n",
      "Updating weights...\n",
      "Weight update complete...\n",
      "Component 1:\n",
      "Hellinger Dist Sq: tensor(0.0341, grad_fn=<RsubBackward1>)\n",
      "Params:{'mus': tensor([[-0.0007]], grad_fn=<SliceBackward>), 'sigmas': tensor([[3.7668]], grad_fn=<ExpBackward>)}\n",
      "Weights: tensor([1.])\n",
      "Initializing component 2... \n",
      "          Iteration           |          Best param          |        Best objective        \n",
      "              0               |tensor([-3.9040,  0.5743], grad_fn=<CatBackward>)|tensor(5.6493, grad_fn=<NegBackward>)\n",
      "              99              |tensor([-14.3928,   4.0125], grad_fn=<CatBackward>)|tensor(1.0780, grad_fn=<NegBackward>)\n",
      "Initialization of component 2 complete, x0 = tensor([-14.3928,   4.0125], grad_fn=<CatBackward>)\n",
      "Optimizing component 2... \n",
      "Optimization of component 2 complete\n",
      "Updating weights...\n",
      "tensor([[1.0000, 0.3314],\n",
      "        [0.3314, 1.0000]], grad_fn=<CopySlices>)\n",
      "Weight update complete...\n",
      "Component 2:\n",
      "Hellinger Dist Sq: tensor(0.0299, grad_fn=<RsubBackward1>)\n",
      "Params:{'mus': tensor([[-6.6028e-04],\n",
      "        [-9.4556e+00]], grad_fn=<SliceBackward>), 'sigmas': tensor([[   3.7668],\n",
      "        [1147.8263]], grad_fn=<ExpBackward>)}\n",
      "Weights: tensor([0.8658, 0.2899], grad_fn=<MaxBackward2>)\n",
      "Initializing component 3... \n",
      "          Iteration           |          Best param          |        Best objective        \n",
      "              0               |tensor([20.9657,  1.3792], grad_fn=<CatBackward>)|tensor(4.3328, grad_fn=<NegBackward>)\n",
      "              99              |tensor([9.6581, 2.0398], grad_fn=<CatBackward>)|tensor(2.0002, grad_fn=<NegBackward>)\n",
      "Initialization of component 3 complete, x0 = tensor([9.6581, 2.0398], grad_fn=<CatBackward>)\n",
      "Optimizing component 3... \n",
      "Optimization of component 3 complete\n",
      "Updating weights...\n",
      "tensor([[1.0000, 0.3314, 0.0386],\n",
      "        [0.3314, 1.0000, 0.2840],\n",
      "        [0.0386, 0.2840, 1.0000]], grad_fn=<CopySlices>)\n",
      "Weight update complete...\n",
      "Component 3:\n",
      "Hellinger Dist Sq: tensor(0.0259, grad_fn=<RsubBackward1>)\n",
      "Params:{'mus': tensor([[-6.6028e-04],\n",
      "        [-9.4556e+00],\n",
      "        [ 9.0348e+00]], grad_fn=<SliceBackward>), 'sigmas': tensor([[   3.7668],\n",
      "        [1147.8263],\n",
      "        [   2.5222]], grad_fn=<ExpBackward>)}\n",
      "Weights: tensor([0.8681, 0.2604, 0.0931], grad_fn=<MaxBackward2>)\n",
      "Initializing component 4... \n",
      "          Iteration           |          Best param          |        Best objective        \n",
      "              0               |tensor([1.9151, 2.0776], grad_fn=<CatBackward>)|             inf              \n",
      "              99              |tensor([-0.6858,  0.3349], grad_fn=<CatBackward>)|tensor(2.0689, grad_fn=<NegBackward>)\n",
      "Initialization of component 4 complete, x0 = tensor([-0.6858,  0.3349], grad_fn=<CatBackward>)\n",
      "Optimizing component 4... \n",
      "Optimization of component 4 complete\n",
      "Updating weights...\n",
      "tensor([[1.0000e+00, 3.3144e-01, 3.8567e-02, 5.8078e-01],\n",
      "        [3.3144e-01, 1.0000e+00, 2.8395e-01, 1.3836e-01],\n",
      "        [3.8567e-02, 2.8395e-01, 1.0000e+00, 2.7672e-04],\n",
      "        [5.8078e-01, 1.3836e-01, 2.7672e-04, 1.0000e+00]],\n",
      "       grad_fn=<CopySlices>)\n",
      "Weight update complete...\n",
      "Component 4:\n",
      "Hellinger Dist Sq: tensor(0.0090, grad_fn=<RsubBackward1>)\n",
      "Params:{'mus': tensor([[-6.6028e-04],\n",
      "        [-9.4556e+00],\n",
      "        [ 9.0348e+00],\n",
      "        [-1.4879e-04]], grad_fn=<SliceBackward>), 'sigmas': tensor([[3.7668e+00],\n",
      "        [1.1478e+03],\n",
      "        [2.5222e+00],\n",
      "        [1.1370e-01]], grad_fn=<ExpBackward>)}\n",
      "Weights: tensor([0.7129, 0.2694, 0.0928, 0.2325], grad_fn=<MaxBackward2>)\n",
      "Initializing component 5... \n",
      "          Iteration           |          Best param          |        Best objective        \n",
      "              0               |tensor([82.0747, -0.3320], grad_fn=<CatBackward>)|tensor(4.8316, grad_fn=<NegBackward>)\n",
      "              99              |tensor([-7.8900,  1.7942], grad_fn=<CatBackward>)|tensor(1.9268, grad_fn=<NegBackward>)\n",
      "Initialization of component 5 complete, x0 = tensor([-7.8900,  1.7942], grad_fn=<CatBackward>)\n",
      "Optimizing component 5... \n",
      "Optimization of component 5 complete\n",
      "Updating weights...\n",
      "tensor([[1.0000e+00, 3.3144e-01, 3.8567e-02, 5.8078e-01, 7.8624e-02],\n",
      "        [3.3144e-01, 1.0000e+00, 2.8395e-01, 1.3836e-01, 3.2505e-01],\n",
      "        [3.8567e-02, 2.8395e-01, 1.0000e+00, 2.7672e-04, 1.7170e-06],\n",
      "        [5.8078e-01, 1.3836e-01, 2.7672e-04, 1.0000e+00, 2.9368e-03],\n",
      "        [7.8624e-02, 3.2505e-01, 1.7170e-06, 2.9368e-03, 1.0000e+00]],\n",
      "       grad_fn=<CopySlices>)\n",
      "Weight update complete...\n",
      "Component 5:\n",
      "Hellinger Dist Sq: tensor(0.0053, grad_fn=<RsubBackward1>)\n",
      "Params:{'mus': tensor([[-6.6028e-04],\n",
      "        [-9.4556e+00],\n",
      "        [ 9.0348e+00],\n",
      "        [-1.4879e-04],\n",
      "        [-8.4313e+00]], grad_fn=<SliceBackward>), 'sigmas': tensor([[3.7668e+00],\n",
      "        [1.1478e+03],\n",
      "        [2.5222e+00],\n",
      "        [1.1370e-01],\n",
      "        [3.2246e+00]], grad_fn=<ExpBackward>)}\n",
      "Weights: tensor([0.7116, 0.2338, 0.1022, 0.2352, 0.0948], grad_fn=<MaxBackward2>)\n",
      "Initializing component 6... \n",
      "          Iteration           |          Best param          |        Best objective        \n",
      "              0               |tensor([50.1394,  0.8076], grad_fn=<CatBackward>)|             inf              \n",
      "              99              |tensor([-1.0357, -2.6742], grad_fn=<CatBackward>)|tensor(2.8367, grad_fn=<NegBackward>)\n",
      "Initialization of component 6 complete, x0 = tensor([-1.0357, -2.6742], grad_fn=<CatBackward>)\n",
      "Optimizing component 6... \n",
      "Optimization of component 6 complete\n",
      "Updating weights...\n",
      "tensor([[1.0000e+00, 3.3144e-01, 3.8567e-02, 5.8078e-01, 7.8624e-02, 4.1811e-01],\n",
      "        [3.3144e-01, 1.0000e+00, 2.8395e-01, 1.3836e-01, 3.2505e-01, 1.0487e-01],\n",
      "        [3.8567e-02, 2.8395e-01, 1.0000e+00, 2.7672e-04, 1.7170e-06, 2.9450e-05],\n",
      "        [5.8078e-01, 1.3836e-01, 2.7672e-04, 1.0000e+00, 2.9368e-03, 2.1535e-01],\n",
      "        [7.8624e-02, 3.2505e-01, 1.7170e-06, 2.9368e-03, 1.0000e+00, 6.2222e-03],\n",
      "        [4.1811e-01, 1.0487e-01, 2.9450e-05, 2.1535e-01, 6.2222e-03, 1.0000e+00]],\n",
      "       grad_fn=<CopySlices>)\n",
      "Weight update complete...\n",
      "Component 6:\n",
      "Hellinger Dist Sq: tensor(0.0111, grad_fn=<RsubBackward1>)\n",
      "Params:{'mus': tensor([[-6.6028e-04],\n",
      "        [-9.4556e+00],\n",
      "        [ 9.0348e+00],\n",
      "        [-1.4879e-04],\n",
      "        [-8.4313e+00],\n",
      "        [-9.3838e-01]], grad_fn=<SliceBackward>), 'sigmas': tensor([[3.7668e+00],\n",
      "        [1.1478e+03],\n",
      "        [2.5222e+00],\n",
      "        [1.1370e-01],\n",
      "        [3.2246e+00],\n",
      "        [3.6980e-02]], grad_fn=<ExpBackward>)}\n",
      "Weights: tensor([0.6910, 0.2350, 0.1025, 0.2370, 0.0955, 0.0438],\n",
      "       grad_fn=<MaxBackward2>)\n",
      "Initializing component 7... \n",
      "          Iteration           |          Best param          |        Best objective        \n",
      "              0               |tensor([90.8569,  3.0025], grad_fn=<CatBackward>)|tensor(3.5780, grad_fn=<NegBackward>)\n",
      "              99              |tensor([ 1.0919, -2.1713], grad_fn=<CatBackward>)|tensor(2.5149, grad_fn=<NegBackward>)\n",
      "Initialization of component 7 complete, x0 = tensor([ 1.0919, -2.1713], grad_fn=<CatBackward>)\n",
      "Optimizing component 7... \n",
      "Optimization of component 7 complete\n",
      "Updating weights...\n",
      "tensor([[1.0000e+00, 3.3144e-01, 3.8567e-02, 5.8078e-01, 7.8624e-02, 4.1811e-01,\n",
      "         4.4492e-01],\n",
      "        [3.3144e-01, 1.0000e+00, 2.8395e-01, 1.3836e-01, 3.2505e-01, 1.0487e-01,\n",
      "         1.1112e-01],\n",
      "        [3.8567e-02, 2.8395e-01, 1.0000e+00, 2.7672e-04, 1.7170e-06, 2.9450e-05,\n",
      "         9.0961e-04],\n",
      "        [5.8078e-01, 1.3836e-01, 2.7672e-04, 1.0000e+00, 2.9368e-03, 2.1535e-01,\n",
      "         2.3342e-01],\n",
      "        [7.8624e-02, 3.2505e-01, 1.7170e-06, 2.9368e-03, 1.0000e+00, 6.2222e-03,\n",
      "         5.8579e-04],\n",
      "        [4.1811e-01, 1.0487e-01, 2.9450e-05, 2.1535e-01, 6.2222e-03, 1.0000e+00,\n",
      "         2.6440e-05],\n",
      "        [4.4492e-01, 1.1112e-01, 9.0961e-04, 2.3342e-01, 5.8579e-04, 2.6440e-05,\n",
      "         1.0000e+00]], grad_fn=<CopySlices>)\n",
      "Weight update complete...\n"
     ]
    },
    {
     "name": "stdout",
     "output_type": "stream",
     "text": [
      "Component 7:\n",
      "Hellinger Dist Sq: tensor(0.0035, grad_fn=<RsubBackward1>)\n",
      "Params:{'mus': tensor([[-6.6028e-04],\n",
      "        [-9.4556e+00],\n",
      "        [ 9.0348e+00],\n",
      "        [-1.4879e-04],\n",
      "        [-8.4313e+00],\n",
      "        [-9.3838e-01],\n",
      "        [ 9.5511e-01]], grad_fn=<SliceBackward>), 'sigmas': tensor([[3.7668e+00],\n",
      "        [1.1478e+03],\n",
      "        [2.5222e+00],\n",
      "        [1.1370e-01],\n",
      "        [3.2246e+00],\n",
      "        [3.6980e-02],\n",
      "        [4.8090e-02]], grad_fn=<ExpBackward>)}\n",
      "Weights: tensor([0.6514, 0.2372, 0.1030, 0.2401, 0.0974, 0.0588, 0.0655],\n",
      "       grad_fn=<MaxBackward2>)\n",
      "Initializing component 8... \n",
      "          Iteration           |          Best param          |        Best objective        \n",
      "              0               |tensor([7.9195, 2.0571], grad_fn=<CatBackward>)|tensor(3.5978, grad_fn=<NegBackward>)\n",
      "              99              |tensor([16.0125,  2.4935], grad_fn=<CatBackward>)|tensor(2.8847, grad_fn=<NegBackward>)\n",
      "Initialization of component 8 complete, x0 = tensor([16.0125,  2.4935], grad_fn=<CatBackward>)\n",
      "Optimizing component 8... \n",
      "Optimization of component 8 complete\n",
      "Updating weights...\n",
      "tensor([[1.0000e+00, 3.3144e-01, 3.8567e-02, 5.8078e-01, 7.8624e-02, 4.1811e-01,\n",
      "         4.4492e-01, 7.3340e-05],\n",
      "        [3.3144e-01, 1.0000e+00, 2.8395e-01, 1.3836e-01, 3.2505e-01, 1.0487e-01,\n",
      "         1.1112e-01, 2.8573e-01],\n",
      "        [3.8567e-02, 2.8395e-01, 1.0000e+00, 2.7672e-04, 1.7170e-06, 2.9450e-05,\n",
      "         9.0961e-04, 9.1256e-02],\n",
      "        [5.8078e-01, 1.3836e-01, 2.7672e-04, 1.0000e+00, 2.9368e-03, 2.1535e-01,\n",
      "         2.3342e-01, 2.6563e-09],\n",
      "        [7.8624e-02, 3.2505e-01, 1.7170e-06, 2.9368e-03, 1.0000e+00, 6.2222e-03,\n",
      "         5.8579e-04, 6.8938e-11],\n",
      "        [4.1811e-01, 1.0487e-01, 2.9450e-05, 2.1535e-01, 6.2222e-03, 1.0000e+00,\n",
      "         2.6440e-05, 1.3579e-10],\n",
      "        [4.4492e-01, 1.1112e-01, 9.0961e-04, 2.3342e-01, 5.8579e-04, 2.6440e-05,\n",
      "         1.0000e+00, 1.3481e-08],\n",
      "        [7.3340e-05, 2.8573e-01, 9.1256e-02, 2.6563e-09, 6.8938e-11, 1.3579e-10,\n",
      "         1.3481e-08, 1.0000e+00]], grad_fn=<CopySlices>)\n",
      "Weight update complete...\n",
      "Component 8:\n",
      "Hellinger Dist Sq: tensor(0.0042, grad_fn=<RsubBackward1>)\n",
      "Params:{'mus': tensor([[-6.6028e-04],\n",
      "        [-9.4556e+00],\n",
      "        [ 9.0348e+00],\n",
      "        [-1.4879e-04],\n",
      "        [-8.4313e+00],\n",
      "        [-9.3838e-01],\n",
      "        [ 9.5511e-01],\n",
      "        [ 1.6600e+01]], grad_fn=<SliceBackward>), 'sigmas': tensor([[3.7668e+00],\n",
      "        [1.1478e+03],\n",
      "        [2.5222e+00],\n",
      "        [1.1370e-01],\n",
      "        [3.2246e+00],\n",
      "        [3.6980e-02],\n",
      "        [4.8090e-02],\n",
      "        [3.4703e+00]], grad_fn=<ExpBackward>)}\n",
      "Weights: tensor([0.6557, 0.2251, 0.1032, 0.2392, 0.1009, 0.0582, 0.0650, 0.0331],\n",
      "       grad_fn=<MaxBackward2>)\n",
      "Initializing component 9... \n",
      "          Iteration           |          Best param          |        Best objective        \n",
      "              0               |tensor([-12.0071,   3.4417], grad_fn=<CatBackward>)|tensor(3.6874, grad_fn=<NegBackward>)\n",
      "              99              |tensor([244.9655,   9.3317], grad_fn=<CatBackward>)|tensor(2.3513, grad_fn=<NegBackward>)\n",
      "Initialization of component 9 complete, x0 = tensor([244.9655,   9.3317], grad_fn=<CatBackward>)\n",
      "Optimizing component 9... \n",
      "Optimization of component 9 complete\n",
      "Updating weights...\n",
      "tensor([[1.0000e+00, 3.3144e-01, 3.8567e-02, 5.8078e-01, 7.8624e-02, 4.1811e-01,\n",
      "         4.4492e-01, 7.3340e-05, 6.9624e-02],\n",
      "        [3.3144e-01, 1.0000e+00, 2.8395e-01, 1.3836e-01, 3.2505e-01, 1.0487e-01,\n",
      "         1.1112e-01, 2.8573e-01, 2.7913e-01],\n",
      "        [3.8567e-02, 2.8395e-01, 1.0000e+00, 2.7672e-04, 1.7170e-06, 2.9450e-05,\n",
      "         9.0961e-04, 9.1256e-02, 6.7316e-02],\n",
      "        [5.8078e-01, 1.3836e-01, 2.7672e-04, 1.0000e+00, 2.9368e-03, 2.1535e-01,\n",
      "         2.3342e-01, 2.6563e-09, 2.9018e-02],\n",
      "        [7.8624e-02, 3.2505e-01, 1.7170e-06, 2.9368e-03, 1.0000e+00, 6.2222e-03,\n",
      "         5.8579e-04, 6.8938e-11, 6.2794e-02],\n",
      "        [4.1811e-01, 1.0487e-01, 2.9450e-05, 2.1535e-01, 6.2222e-03, 1.0000e+00,\n",
      "         2.6440e-05, 1.3579e-10, 2.1760e-02],\n",
      "        [4.4492e-01, 1.1112e-01, 9.0961e-04, 2.3342e-01, 5.8579e-04, 2.6440e-05,\n",
      "         1.0000e+00, 1.3481e-08, 2.3569e-02],\n",
      "        [7.3340e-05, 2.8573e-01, 9.1256e-02, 2.6563e-09, 6.8938e-11, 1.3579e-10,\n",
      "         1.3481e-08, 1.0000e+00, 7.6940e-02],\n",
      "        [6.9624e-02, 2.7913e-01, 6.7316e-02, 2.9018e-02, 6.2794e-02, 2.1760e-02,\n",
      "         2.3569e-02, 7.6940e-02, 1.0000e+00]], grad_fn=<CopySlices>)\n",
      "Weight update complete...\n",
      "Component 9:\n",
      "Hellinger Dist Sq: tensor(0.0030, grad_fn=<RsubBackward1>)\n",
      "Params:{'mus': tensor([[-6.6028e-04],\n",
      "        [-9.4556e+00],\n",
      "        [ 9.0348e+00],\n",
      "        [-1.4879e-04],\n",
      "        [-8.4313e+00],\n",
      "        [-9.3838e-01],\n",
      "        [ 9.5511e-01],\n",
      "        [ 1.6600e+01],\n",
      "        [ 2.4458e+02]], grad_fn=<SliceBackward>), 'sigmas': tensor([[3.7668e+00],\n",
      "        [1.1478e+03],\n",
      "        [2.5222e+00],\n",
      "        [1.1370e-01],\n",
      "        [3.2246e+00],\n",
      "        [3.6980e-02],\n",
      "        [4.8090e-02],\n",
      "        [3.4703e+00],\n",
      "        [1.6285e+04]], grad_fn=<ExpBackward>)}\n",
      "Weights: tensor([0.6567, 0.2089, 0.1040, 0.2386, 0.1026, 0.0580, 0.0647, 0.0336, 0.0515],\n",
      "       grad_fn=<MaxBackward2>)\n",
      "Initializing component 10... \n",
      "          Iteration           |          Best param          |        Best objective        \n",
      "              0               |tensor([39.5537,  0.5494], grad_fn=<CatBackward>)|             inf              \n",
      "              99              |tensor([4.6527, 0.1167], grad_fn=<CatBackward>)|tensor(3.0017, grad_fn=<NegBackward>)\n",
      "Initialization of component 10 complete, x0 = tensor([4.6527, 0.1167], grad_fn=<CatBackward>)\n",
      "Optimizing component 10... \n",
      "Optimization of component 10 complete\n",
      "Updating weights...\n",
      "tensor([[1.0000e+00, 3.3144e-01, 3.8567e-02, 5.8078e-01, 7.8624e-02, 4.1811e-01,\n",
      "         4.4492e-01, 7.3340e-05, 6.9624e-02, 1.1802e-01],\n",
      "        [3.3144e-01, 1.0000e+00, 2.8395e-01, 1.3836e-01, 3.2505e-01, 1.0487e-01,\n",
      "         1.1112e-01, 2.8573e-01, 2.7913e-01, 1.8712e-01],\n",
      "        [3.8567e-02, 2.8395e-01, 1.0000e+00, 2.7672e-04, 1.7170e-06, 2.9450e-05,\n",
      "         9.0961e-04, 9.1256e-02, 6.7316e-02, 3.1382e-01],\n",
      "        [5.8078e-01, 1.3836e-01, 2.7672e-04, 1.0000e+00, 2.9368e-03, 2.1535e-01,\n",
      "         2.3342e-01, 2.6563e-09, 2.9018e-02, 4.2075e-07],\n",
      "        [7.8624e-02, 3.2505e-01, 1.7170e-06, 2.9368e-03, 1.0000e+00, 6.2222e-03,\n",
      "         5.8579e-04, 6.8938e-11, 6.2794e-02, 1.0769e-06],\n",
      "        [4.1811e-01, 1.0487e-01, 2.9450e-05, 2.1535e-01, 6.2222e-03, 1.0000e+00,\n",
      "         2.6440e-05, 1.3579e-10, 2.1760e-02, 6.7449e-11],\n",
      "        [4.4492e-01, 1.1112e-01, 9.0961e-04, 2.3342e-01, 5.8579e-04, 2.6440e-05,\n",
      "         1.0000e+00, 1.3481e-08, 2.3569e-02, 8.4327e-06],\n",
      "        [7.3340e-05, 2.8573e-01, 9.1256e-02, 2.6563e-09, 6.8938e-11, 1.3579e-10,\n",
      "         1.3481e-08, 1.0000e+00, 7.6940e-02, 3.5091e-04],\n",
      "        [6.9624e-02, 2.7913e-01, 6.7316e-02, 2.9018e-02, 6.2794e-02, 2.1760e-02,\n",
      "         2.3569e-02, 7.6940e-02, 1.0000e+00, 4.2172e-02],\n",
      "        [1.1802e-01, 1.8712e-01, 3.1382e-01, 4.2075e-07, 1.0769e-06, 6.7449e-11,\n",
      "         8.4327e-06, 3.5091e-04, 4.2172e-02, 1.0000e+00]],\n",
      "       grad_fn=<CopySlices>)\n",
      "Weight update complete...\n",
      "Component 10:\n",
      "Hellinger Dist Sq: tensor(0.0020, grad_fn=<RsubBackward1>)\n",
      "Params:{'mus': tensor([[-6.6028e-04],\n",
      "        [-9.4556e+00],\n",
      "        [ 9.0348e+00],\n",
      "        [-1.4879e-04],\n",
      "        [-8.4313e+00],\n",
      "        [-9.3838e-01],\n",
      "        [ 9.5511e-01],\n",
      "        [ 1.6600e+01],\n",
      "        [ 2.4458e+02],\n",
      "        [ 5.6262e+00]], grad_fn=<SliceBackward>), 'sigmas': tensor([[3.7668e+00],\n",
      "        [1.1478e+03],\n",
      "        [2.5222e+00],\n",
      "        [1.1370e-01],\n",
      "        [3.2246e+00],\n",
      "        [3.6980e-02],\n",
      "        [4.8090e-02],\n",
      "        [3.4703e+00],\n",
      "        [1.6285e+04],\n",
      "        [4.2916e-01]], grad_fn=<ExpBackward>)}\n",
      "Weights: tensor([0.6488, 0.2048, 0.0931, 0.2421, 0.1044, 0.0607, 0.0676, 0.0357, 0.0517,\n",
      "        0.0382], grad_fn=<MaxBackward2>)\n",
      "Initializing component 11... \n",
      "          Iteration           |          Best param          |        Best objective        \n",
      "              0               |tensor([72.1016,  1.3188], grad_fn=<CatBackward>)|tensor(5.4569, grad_fn=<NegBackward>)\n",
      "              99              |tensor([-15.4298,  -0.0976], grad_fn=<CatBackward>)|tensor(3.1146, grad_fn=<NegBackward>)\n",
      "Initialization of component 11 complete, x0 = tensor([-15.4298,  -0.0976], grad_fn=<CatBackward>)\n",
      "Optimizing component 11... \n"
     ]
    },
    {
     "name": "stdout",
     "output_type": "stream",
     "text": [
      "Optimization of component 11 complete\n",
      "Updating weights...\n",
      "tensor([[1.0000e+00, 3.3144e-01, 3.8567e-02, 5.8078e-01, 7.8624e-02, 4.1811e-01,\n",
      "         4.4492e-01, 7.3340e-05, 6.9624e-02, 1.1802e-01, 1.3399e-04],\n",
      "        [3.3144e-01, 1.0000e+00, 2.8395e-01, 1.3836e-01, 3.2505e-01, 1.0487e-01,\n",
      "         1.1112e-01, 2.8573e-01, 2.7913e-01, 1.8712e-01, 3.2524e-01],\n",
      "        [3.8567e-02, 2.8395e-01, 1.0000e+00, 2.7672e-04, 1.7170e-06, 2.9450e-05,\n",
      "         9.0961e-04, 9.1256e-02, 6.7316e-02, 3.1382e-01, 2.9604e-12],\n",
      "        [5.8078e-01, 1.3836e-01, 2.7672e-04, 1.0000e+00, 2.9368e-03, 2.1535e-01,\n",
      "         2.3342e-01, 2.6563e-09, 2.9018e-02, 4.2075e-07, 6.5795e-09],\n",
      "        [7.8624e-02, 3.2505e-01, 1.7170e-06, 2.9368e-03, 1.0000e+00, 6.2222e-03,\n",
      "         5.8579e-04, 6.8938e-11, 6.2794e-02, 1.0769e-06, 1.1768e-01],\n",
      "        [4.1811e-01, 1.0487e-01, 2.9450e-05, 2.1535e-01, 6.2222e-03, 1.0000e+00,\n",
      "         2.6440e-05, 1.3579e-10, 2.1760e-02, 6.7449e-11, 2.8254e-08],\n",
      "        [4.4492e-01, 1.1112e-01, 9.0961e-04, 2.3342e-01, 5.8579e-04, 2.6440e-05,\n",
      "         1.0000e+00, 1.3481e-08, 2.3569e-02, 8.4327e-06, 3.7445e-10],\n",
      "        [7.3340e-05, 2.8573e-01, 9.1256e-02, 2.6563e-09, 6.8938e-11, 1.3579e-10,\n",
      "         1.3481e-08, 1.0000e+00, 7.6940e-02, 3.5091e-04, 1.4145e-17],\n",
      "        [6.9624e-02, 2.7913e-01, 6.7316e-02, 2.9018e-02, 6.2794e-02, 2.1760e-02,\n",
      "         2.3569e-02, 7.6940e-02, 1.0000e+00, 4.2172e-02, 5.9754e-02],\n",
      "        [1.1802e-01, 1.8712e-01, 3.1382e-01, 4.2075e-07, 1.0769e-06, 6.7449e-11,\n",
      "         8.4327e-06, 3.5091e-04, 4.2172e-02, 1.0000e+00, 3.5237e-14],\n",
      "        [1.3399e-04, 3.2524e-01, 2.9604e-12, 6.5795e-09, 1.1768e-01, 2.8254e-08,\n",
      "         3.7445e-10, 1.4145e-17, 5.9754e-02, 3.5237e-14, 1.0000e+00]],\n",
      "       grad_fn=<CopySlices>)\n",
      "Weight update complete...\n",
      "Component 11:\n",
      "Hellinger Dist Sq: tensor(0.0019, grad_fn=<RsubBackward1>)\n",
      "Params:{'mus': tensor([[-6.6028e-04],\n",
      "        [-9.4556e+00],\n",
      "        [ 9.0348e+00],\n",
      "        [-1.4879e-04],\n",
      "        [-8.4313e+00],\n",
      "        [-9.3838e-01],\n",
      "        [ 9.5511e-01],\n",
      "        [ 1.6600e+01],\n",
      "        [ 2.4458e+02],\n",
      "        [ 5.6262e+00],\n",
      "        [-1.5932e+01]], grad_fn=<SliceBackward>), 'sigmas': tensor([[3.7668e+00],\n",
      "        [1.1478e+03],\n",
      "        [2.5222e+00],\n",
      "        [1.1370e-01],\n",
      "        [3.2246e+00],\n",
      "        [3.6980e-02],\n",
      "        [4.8090e-02],\n",
      "        [3.4703e+00],\n",
      "        [1.6285e+04],\n",
      "        [4.2916e-01],\n",
      "        [3.3496e+00]], grad_fn=<ExpBackward>)}\n",
      "Weights: tensor([0.6542, 0.1899, 0.0963, 0.2410, 0.1048, 0.0601, 0.0669, 0.0395, 0.0529,\n",
      "        0.0393, 0.0323], grad_fn=<MaxBackward2>)\n",
      "Initializing component 12... \n",
      "          Iteration           |          Best param          |        Best objective        \n",
      "              0               |tensor([39.4883,  2.5445], grad_fn=<CatBackward>)|tensor(5.1361, grad_fn=<NegBackward>)\n",
      "              99              |tensor([-6.1223, -0.2950], grad_fn=<CatBackward>)|tensor(3.6101, grad_fn=<NegBackward>)\n",
      "Initialization of component 12 complete, x0 = tensor([-6.1223, -0.2950], grad_fn=<CatBackward>)\n",
      "Optimizing component 12... \n",
      "Optimization of component 12 complete\n",
      "Updating weights...\n",
      "tensor([[1.0000e+00, 3.3144e-01, 3.8567e-02, 5.8078e-01, 7.8624e-02, 4.1811e-01,\n",
      "         4.4492e-01, 7.3340e-05, 6.9624e-02, 1.1802e-01, 1.3399e-04, 1.1013e-01],\n",
      "        [3.3144e-01, 1.0000e+00, 2.8395e-01, 1.3836e-01, 3.2505e-01, 1.0487e-01,\n",
      "         1.1112e-01, 2.8573e-01, 2.7913e-01, 1.8712e-01, 3.2524e-01, 1.8214e-01],\n",
      "        [3.8567e-02, 2.8395e-01, 1.0000e+00, 2.7672e-04, 1.7170e-06, 2.9450e-05,\n",
      "         9.0961e-04, 9.1256e-02, 6.7316e-02, 3.1382e-01, 2.9604e-12, 5.6960e-09],\n",
      "        [5.8078e-01, 1.3836e-01, 2.7672e-04, 1.0000e+00, 2.9368e-03, 2.1535e-01,\n",
      "         2.3342e-01, 2.6563e-09, 2.9018e-02, 4.2075e-07, 6.5795e-09, 1.6445e-08],\n",
      "        [7.8624e-02, 3.2505e-01, 1.7170e-06, 2.9368e-03, 1.0000e+00, 6.2222e-03,\n",
      "         5.8579e-04, 6.8938e-11, 6.2794e-02, 1.0769e-06, 1.1768e-01, 4.2460e-01],\n",
      "        [4.1811e-01, 1.0487e-01, 2.9450e-05, 2.1535e-01, 6.2222e-03, 1.0000e+00,\n",
      "         2.6440e-05, 1.3579e-10, 2.1760e-02, 6.7449e-11, 2.8254e-08, 2.3897e-07],\n",
      "        [4.4492e-01, 1.1112e-01, 9.0961e-04, 2.3342e-01, 5.8579e-04, 2.6440e-05,\n",
      "         1.0000e+00, 1.3481e-08, 2.3569e-02, 8.4327e-06, 3.7445e-10, 2.3520e-13],\n",
      "        [7.3340e-05, 2.8573e-01, 9.1256e-02, 2.6563e-09, 6.8938e-11, 1.3579e-10,\n",
      "         1.3481e-08, 1.0000e+00, 7.6940e-02, 3.5091e-04, 1.4145e-17, 6.2662e-15],\n",
      "        [6.9624e-02, 2.7913e-01, 6.7316e-02, 2.9018e-02, 6.2794e-02, 2.1760e-02,\n",
      "         2.3569e-02, 7.6940e-02, 1.0000e+00, 4.2172e-02, 5.9754e-02, 3.6034e-02],\n",
      "        [1.1802e-01, 1.8712e-01, 3.1382e-01, 4.2075e-07, 1.0769e-06, 6.7449e-11,\n",
      "         8.4327e-06, 3.5091e-04, 4.2172e-02, 1.0000e+00, 3.5237e-14, 6.9649e-19],\n",
      "        [1.3399e-04, 3.2524e-01, 2.9604e-12, 6.5795e-09, 1.1768e-01, 2.8254e-08,\n",
      "         3.7445e-10, 1.4145e-17, 5.9754e-02, 3.5237e-14, 1.0000e+00, 4.9808e-04],\n",
      "        [1.1013e-01, 1.8214e-01, 5.6960e-09, 1.6445e-08, 4.2460e-01, 2.3897e-07,\n",
      "         2.3520e-13, 6.2662e-15, 3.6034e-02, 6.9649e-19, 4.9808e-04, 1.0000e+00]],\n",
      "       grad_fn=<CopySlices>)\n",
      "Weight update complete...\n",
      "Component 12:\n",
      "Hellinger Dist Sq: tensor(0.0019, grad_fn=<RsubBackward1>)\n",
      "Params:{'mus': tensor([[-6.6028e-04],\n",
      "        [-9.4556e+00],\n",
      "        [ 9.0348e+00],\n",
      "        [-1.4879e-04],\n",
      "        [-8.4313e+00],\n",
      "        [-9.3838e-01],\n",
      "        [ 9.5511e-01],\n",
      "        [ 1.6600e+01],\n",
      "        [ 2.4458e+02],\n",
      "        [ 5.6262e+00],\n",
      "        [-1.5932e+01],\n",
      "        [-5.5675e+00]], grad_fn=<SliceBackward>), 'sigmas': tensor([[3.7668e+00],\n",
      "        [1.1478e+03],\n",
      "        [2.5222e+00],\n",
      "        [1.1370e-01],\n",
      "        [3.2246e+00],\n",
      "        [3.6980e-02],\n",
      "        [4.8090e-02],\n",
      "        [3.4703e+00],\n",
      "        [1.6285e+04],\n",
      "        [4.2916e-01],\n",
      "        [3.3496e+00],\n",
      "        [3.2018e-01]], grad_fn=<ExpBackward>)}\n",
      "Weights: tensor([0.6505, 0.1885, 0.0966, 0.2426, 0.0956, 0.0614, 0.0682, 0.0398, 0.0530,\n",
      "        0.0398, 0.0338, 0.0228], grad_fn=<MaxBackward2>)\n",
      "Initializing component 13... \n",
      "          Iteration           |          Best param          |        Best objective        \n",
      "              0               |tensor([-42.3060,   1.3528], grad_fn=<CatBackward>)|             inf              \n",
      "              99              |tensor([26.2251,  1.6445], grad_fn=<CatBackward>)|tensor(3.6802, grad_fn=<NegBackward>)\n",
      "Initialization of component 13 complete, x0 = tensor([26.2251,  1.6445], grad_fn=<CatBackward>)\n",
      "Optimizing component 13... \n",
      "Optimization of component 13 complete\n",
      "Updating weights...\n",
      "tensor([[1.0000e+00, 3.3144e-01, 3.8567e-02, 5.8078e-01, 7.8624e-02, 4.1811e-01,\n",
      "         4.4492e-01, 7.3340e-05, 6.9624e-02, 1.1802e-01, 1.3399e-04, 1.1013e-01,\n",
      "         1.3169e-07],\n",
      "        [3.3144e-01, 1.0000e+00, 2.8395e-01, 1.3836e-01, 3.2505e-01, 1.0487e-01,\n",
      "         1.1112e-01, 2.8573e-01, 2.7913e-01, 1.8712e-01, 3.2524e-01, 1.8214e-01,\n",
      "         2.9659e-01],\n",
      "        [3.8567e-02, 2.8395e-01, 1.0000e+00, 2.7672e-04, 1.7170e-06, 2.9450e-05,\n",
      "         9.0961e-04, 9.1256e-02, 6.7316e-02, 3.1382e-01, 2.9604e-12, 5.6960e-09,\n",
      "         5.3148e-04],\n",
      "        [5.8078e-01, 1.3836e-01, 2.7672e-04, 1.0000e+00, 2.9368e-03, 2.1535e-01,\n",
      "         2.3342e-01, 2.6563e-09, 2.9018e-02, 4.2075e-07, 6.5795e-09, 1.6445e-08,\n",
      "         1.0119e-11],\n",
      "        [7.8624e-02, 3.2505e-01, 1.7170e-06, 2.9368e-03, 1.0000e+00, 6.2222e-03,\n",
      "         5.8579e-04, 6.8938e-11, 6.2794e-02, 1.0769e-06, 1.1768e-01, 4.2460e-01,\n",
      "         1.3050e-13],\n",
      "        [4.1811e-01, 1.0487e-01, 2.9450e-05, 2.1535e-01, 6.2222e-03, 1.0000e+00,\n",
      "         2.6440e-05, 1.3579e-10, 2.1760e-02, 6.7449e-11, 2.8254e-08, 2.3897e-07,\n",
      "         8.8033e-13],\n",
      "        [4.4492e-01, 1.1112e-01, 9.0961e-04, 2.3342e-01, 5.8579e-04, 2.6440e-05,\n",
      "         1.0000e+00, 1.3481e-08, 2.3569e-02, 8.4327e-06, 3.7445e-10, 2.3520e-13,\n",
      "         4.0088e-11],\n",
      "        [7.3340e-05, 2.8573e-01, 9.1256e-02, 2.6563e-09, 6.8938e-11, 1.3579e-10,\n",
      "         1.3481e-08, 1.0000e+00, 7.6940e-02, 3.5091e-04, 1.4145e-17, 6.2662e-15,\n",
      "         1.3742e-01],\n",
      "        [6.9624e-02, 2.7913e-01, 6.7316e-02, 2.9018e-02, 6.2794e-02, 2.1760e-02,\n",
      "         2.3569e-02, 7.6940e-02, 1.0000e+00, 4.2172e-02, 5.9754e-02, 3.6034e-02,\n",
      "         9.5406e-02],\n",
      "        [1.1802e-01, 1.8712e-01, 3.1382e-01, 4.2075e-07, 1.0769e-06, 6.7449e-11,\n",
      "         8.4327e-06, 3.5091e-04, 4.2172e-02, 1.0000e+00, 3.5237e-14, 6.9649e-19,\n",
      "         4.4796e-07],\n",
      "        [1.3399e-04, 3.2524e-01, 2.9604e-12, 6.5795e-09, 1.1768e-01, 2.8254e-08,\n",
      "         3.7445e-10, 1.4145e-17, 5.9754e-02, 3.5237e-14, 1.0000e+00, 4.9808e-04,\n",
      "         1.0597e-19],\n",
      "        [1.1013e-01, 1.8214e-01, 5.6960e-09, 1.6445e-08, 4.2460e-01, 2.3897e-07,\n",
      "         2.3520e-13, 6.2662e-15, 3.6034e-02, 6.9649e-19, 4.9808e-04, 1.0000e+00,\n",
      "         2.4792e-16],\n",
      "        [1.3169e-07, 2.9659e-01, 5.3148e-04, 1.0119e-11, 1.3050e-13, 8.8033e-13,\n",
      "         4.0088e-11, 1.3742e-01, 9.5406e-02, 4.4796e-07, 1.0597e-19, 2.4792e-16,\n",
      "         1.0000e+00]], grad_fn=<CopySlices>)\n",
      "Weight update complete...\n"
     ]
    },
    {
     "name": "stdout",
     "output_type": "stream",
     "text": [
      "Component 13:\n",
      "Hellinger Dist Sq: tensor(0.0014, grad_fn=<RsubBackward1>)\n",
      "Params:{'mus': tensor([[-6.6028e-04],\n",
      "        [-9.4556e+00],\n",
      "        [ 9.0348e+00],\n",
      "        [-1.4879e-04],\n",
      "        [-8.4313e+00],\n",
      "        [-9.3838e-01],\n",
      "        [ 9.5511e-01],\n",
      "        [ 1.6600e+01],\n",
      "        [ 2.4458e+02],\n",
      "        [ 5.6262e+00],\n",
      "        [-1.5932e+01],\n",
      "        [-5.5675e+00],\n",
      "        [ 2.5417e+01]], grad_fn=<SliceBackward>), 'sigmas': tensor([[3.7668e+00],\n",
      "        [1.1478e+03],\n",
      "        [2.5222e+00],\n",
      "        [1.1370e-01],\n",
      "        [3.2246e+00],\n",
      "        [3.6980e-02],\n",
      "        [4.8090e-02],\n",
      "        [3.4703e+00],\n",
      "        [1.6285e+04],\n",
      "        [4.2916e-01],\n",
      "        [3.3496e+00],\n",
      "        [3.2018e-01],\n",
      "        [6.4398e+00]], grad_fn=<ExpBackward>)}\n",
      "Weights: tensor([0.6531, 0.1808, 0.0985, 0.2422, 0.0975, 0.0611, 0.0680, 0.0396, 0.0530,\n",
      "        0.0403, 0.0361, 0.0231, 0.0167], grad_fn=<MaxBackward2>)\n",
      "Initializing component 14... \n",
      "          Iteration           |          Best param          |        Best objective        \n",
      "              0               |tensor([44.3302,  2.2982], grad_fn=<CatBackward>)|tensor(5.2206, grad_fn=<NegBackward>)\n",
      "              99              |tensor([-1.3408, -2.3929], grad_fn=<CatBackward>)|tensor(3.9338, grad_fn=<NegBackward>)\n",
      "Initialization of component 14 complete, x0 = tensor([-1.3408, -2.3929], grad_fn=<CatBackward>)\n",
      "Optimizing component 14... \n",
      "Optimization of component 14 complete\n",
      "Updating weights...\n",
      "tensor([[1.0000e+00, 3.3144e-01, 3.8567e-02, 5.8078e-01, 7.8624e-02, 4.1811e-01,\n",
      "         4.4492e-01, 7.3340e-05, 6.9624e-02, 1.1802e-01, 1.3399e-04, 1.1013e-01,\n",
      "         1.3169e-07, 3.1856e-01],\n",
      "        [3.3144e-01, 1.0000e+00, 2.8395e-01, 1.3836e-01, 3.2505e-01, 1.0487e-01,\n",
      "         1.1112e-01, 2.8573e-01, 2.7913e-01, 1.8712e-01, 3.2524e-01, 1.8214e-01,\n",
      "         2.9659e-01, 8.8246e-02],\n",
      "        [3.8567e-02, 2.8395e-01, 1.0000e+00, 2.7672e-04, 1.7170e-06, 2.9450e-05,\n",
      "         9.0961e-04, 9.1256e-02, 6.7316e-02, 3.1382e-01, 2.9604e-12, 5.6960e-09,\n",
      "         5.3148e-04, 6.7861e-06],\n",
      "        [5.8078e-01, 1.3836e-01, 2.7672e-04, 1.0000e+00, 2.9368e-03, 2.1535e-01,\n",
      "         2.3342e-01, 2.6563e-09, 2.9018e-02, 4.2075e-07, 6.5795e-09, 1.6445e-08,\n",
      "         1.0119e-11, 9.1204e-03],\n",
      "        [7.8624e-02, 3.2505e-01, 1.7170e-06, 2.9368e-03, 1.0000e+00, 6.2222e-03,\n",
      "         5.8579e-04, 6.8938e-11, 6.2794e-02, 1.0769e-06, 1.1768e-01, 4.2460e-01,\n",
      "         1.3050e-13, 1.0006e-02],\n",
      "        [4.1811e-01, 1.0487e-01, 2.9450e-05, 2.1535e-01, 6.2222e-03, 1.0000e+00,\n",
      "         2.6440e-05, 1.3579e-10, 2.1760e-02, 6.7449e-11, 2.8254e-08, 2.3897e-07,\n",
      "         8.8033e-13, 1.8486e-01],\n",
      "        [4.4492e-01, 1.1112e-01, 9.0961e-04, 2.3342e-01, 5.8579e-04, 2.6440e-05,\n",
      "         1.0000e+00, 1.3481e-08, 2.3569e-02, 8.4327e-06, 3.7445e-10, 2.3520e-13,\n",
      "         4.0088e-11, 5.9027e-11],\n",
      "        [7.3340e-05, 2.8573e-01, 9.1256e-02, 2.6563e-09, 6.8938e-11, 1.3579e-10,\n",
      "         1.3481e-08, 1.0000e+00, 7.6940e-02, 3.5091e-04, 1.4145e-17, 6.2662e-15,\n",
      "         1.3742e-01, 2.1598e-11],\n",
      "        [6.9624e-02, 2.7913e-01, 6.7316e-02, 2.9018e-02, 6.2794e-02, 2.1760e-02,\n",
      "         2.3569e-02, 7.6940e-02, 1.0000e+00, 4.2172e-02, 5.9754e-02, 3.6034e-02,\n",
      "         9.5406e-02, 1.8187e-02],\n",
      "        [1.1802e-01, 1.8712e-01, 3.1382e-01, 4.2075e-07, 1.0769e-06, 6.7449e-11,\n",
      "         8.4327e-06, 3.5091e-04, 4.2172e-02, 1.0000e+00, 3.5237e-14, 6.9649e-19,\n",
      "         4.4796e-07, 2.1162e-13],\n",
      "        [1.3399e-04, 3.2524e-01, 2.9604e-12, 6.5795e-09, 1.1768e-01, 2.8254e-08,\n",
      "         3.7445e-10, 1.4145e-17, 5.9754e-02, 3.5237e-14, 1.0000e+00, 4.9808e-04,\n",
      "         1.0597e-19, 8.1376e-08],\n",
      "        [1.1013e-01, 1.8214e-01, 5.6960e-09, 1.6445e-08, 4.2460e-01, 2.3897e-07,\n",
      "         2.3520e-13, 6.2662e-15, 3.6034e-02, 6.9649e-19, 4.9808e-04, 1.0000e+00,\n",
      "         2.4792e-16, 4.3400e-06],\n",
      "        [1.3169e-07, 2.9659e-01, 5.3148e-04, 1.0119e-11, 1.3050e-13, 8.8033e-13,\n",
      "         4.0088e-11, 1.3742e-01, 9.5406e-02, 4.4796e-07, 1.0597e-19, 2.4792e-16,\n",
      "         1.0000e+00, 1.9618e-13],\n",
      "        [3.1856e-01, 8.8246e-02, 6.7861e-06, 9.1204e-03, 1.0006e-02, 1.8486e-01,\n",
      "         5.9027e-11, 2.1598e-11, 1.8187e-02, 2.1162e-13, 8.1376e-08, 4.3400e-06,\n",
      "         1.9618e-13, 1.0000e+00]], grad_fn=<CopySlices>)\n",
      "Weight update complete...\n",
      "Component 14:\n",
      "Hellinger Dist Sq: tensor(0.0014, grad_fn=<RsubBackward1>)\n",
      "Params:{'mus': tensor([[-6.6028e-04],\n",
      "        [-9.4556e+00],\n",
      "        [ 9.0348e+00],\n",
      "        [-1.4879e-04],\n",
      "        [-8.4313e+00],\n",
      "        [-9.3838e-01],\n",
      "        [ 9.5511e-01],\n",
      "        [ 1.6600e+01],\n",
      "        [ 2.4458e+02],\n",
      "        [ 5.6262e+00],\n",
      "        [-1.5932e+01],\n",
      "        [-5.5675e+00],\n",
      "        [ 2.5417e+01],\n",
      "        [-1.5443e+00]], grad_fn=<SliceBackward>), 'sigmas': tensor([[3.7668e+00],\n",
      "        [1.1478e+03],\n",
      "        [2.5222e+00],\n",
      "        [1.1370e-01],\n",
      "        [3.2246e+00],\n",
      "        [3.6980e-02],\n",
      "        [4.8090e-02],\n",
      "        [3.4703e+00],\n",
      "        [1.6285e+04],\n",
      "        [4.2916e-01],\n",
      "        [3.3496e+00],\n",
      "        [3.2018e-01],\n",
      "        [6.4398e+00],\n",
      "        [1.8378e-02]], grad_fn=<ExpBackward>)}\n",
      "Weights: tensor([0.6422, 0.1814, 0.0984, 0.2474, 0.0975, 0.0611, 0.0715, 0.0394, 0.0530,\n",
      "        0.0415, 0.0359, 0.0242, 0.0165, 0.0181], grad_fn=<MaxBackward2>)\n"
     ]
    }
   ],
   "source": [
    "hellinger_value = []\n",
    "for i in range(1, 15):\n",
    "    test.build(i)\n",
    "    res = test._hellsq_estimate()\n",
    "    hellinger_value.append(res.data.numpy().reshape((1))[0])"
   ]
  },
  {
